subject_id,fold,n_train_trials,n_test_trials,n_train_runs,n_test_runs,converged,n_iterations,train_log_likelihood,train_ll_per_trial,test_log_likelihood,test_ll_per_trial,likelihood_monotonic,maximum_likelihood_drop,runtime_seconds,parameter_json
1,1,6413,2149,30,10,True,140,-2870.331416376821,-0.4475801366562951,-1065.37550915369,-0.4957540759207492,True,0.0,5.292279599991161,"{""initial_prob"": [0.44736347168611007, 0.46224210119792614, 0.09039442711596388], ""kappaP"": {""10"": 123.99995150017835, ""20"": 37.73509305511595, ""40"": 20.57693916846926, ""80"": 1.122075709282649}, ""kappaS"": {""0.06"": 5.468265462690704, ""0.12"": 11.688366635635669, ""0.24"": 29.863966535703458}, ""transition_matrix"": [[0.8329963490160931, 0.16057376807431623, 0.006429882909590646], [0.39610414567862623, 0.6038958523543918, 1.966981999759906e-09], [0.8569928727736549, 2.242201567874224e-07, 0.14300690300618835]]}"
2,1,6175,1702,29,8,True,129,-3526.3786910883978,-0.5710734722410361,-1009.7565609214143,-0.5932764752769767,True,0.0,4.715596299996832,"{""initial_prob"": [0.07366685819636823, 0.9263331006693621, 4.113426963027772e-08], ""kappaP"": {""10"": 68.3291634354032, ""20"": 36.08124919028886, ""40"": 11.97066128641689, ""80"": 2.50308876056112}, ""kappaS"": {""0.06"": 2.8778740546353707, ""0.12"": 5.1964530071213595, ""0.24"": 16.542658363610286}, ""transition_matrix"": [[0.6439802448719968, 0.33190351007622, 0.0241162450517832], [0.14013693953593814, 0.8568317996721664, 0.0030312607918955006], [0.22824103130159387, 5.285701873157664e-07, 0.7717584401282188]]}"
3,1,6842,2570,32,12,True,166,-3229.3266575657367,-0.4719857728099585,-1192.91203342704,-0.4641681063918444,True,0.0,6.770847600011621,"{""initial_prob"": [0.9999996127465011, 1.2268527499761572e-07, 2.6456822390037713e-07], ""kappaP"": {""10"": 63.80076097500297, ""20"": 46.743566049685334, ""40"": 40.71563747770674, ""80"": 39.23882576243782}, ""kappaS"": {""0.06"": 3.6258625337835726, ""0.12"": 11.346931568426733, ""0.24"": 29.230651407091145}, ""transition_matrix"": [[0.7941838253548728, 0.17117005565987178, 0.03464611898525551], [0.4288916920285352, 0.5711083052086111, 2.7628536919496245e-09], [0.8978685626881352, 2.9382797536386837e-08, 0.10213140792906719]]}"
4,1,3304,1495,16,7,True,90,-2379.163089556125,-0.7200856808583914,-1340.321900724552,-0.8965363884445164,True,0.0,1.765530900011072,"{""initial_prob"": [0.15582302239252616, 0.6963566550862355, 0.14782032252123842], ""kappaP"": {""10"": 20.402559231776983, ""20"": 12.869978024165027, ""40"": 5.568685568726135, ""80"": 2.9853526550165217}, ""kappaS"": {""0.06"": 1.6263970053954664, ""0.12"": 4.752262445790766, ""0.24"": 10.61527673165249}, ""transition_matrix"": [[0.9132876760722358, 0.022061553479860767, 0.0646507704479035], [0.021921319252638304, 0.9780786791956462, 1.551715641999663e-09], [0.8044529190947826, 7.893184964448872e-07, 0.19554629158672096]]}"
5,1,4062,1727,19,8,True,316,-5293.359704715818,-1.3031412370053712,-2114.0979626629623,-1.2241447380793065,True,0.0,7.580426900007296,"{""initial_prob"": [0.8785732693795281, 0.12140129381777097, 2.5436802701127947e-05], ""kappaP"": {""10"": 94.83365629240875, ""20"": 1e-06, ""40"": 0.5984242372729714, ""80"": 0.1924225844619443}, ""kappaS"": {""0.06"": 1.0744662254443882, ""0.12"": 3.2281182740499057, ""0.24"": 9.085164872336232}, ""transition_matrix"": [[0.9188509032546515, 0.07393605945938005, 0.0072130372859684115], [0.9545531921653436, 0.04544679066120191, 1.717345461186078e-08], [0.09954045284453007, 1.8707410852819266e-08, 0.900459528448059]]}"
6,1,5621,1932,26,9,True,107,-4893.341403806704,-0.8705464159058359,-1979.001339664996,-1.024327815561592,True,0.0,3.5766852000087965,"{""initial_prob"": [0.7296672200133776, 9.629340619726151e-08, 0.2703326836932163], ""kappaP"": {""10"": 10.990445503754492, ""20"": 8.069903621457026, ""40"": 4.561655879466375, ""80"": 1e-06}, ""kappaS"": {""0.06"": 1.200961930623042, ""0.12"": 3.528617128668051, ""0.24"": 13.099465613515623}, ""transition_matrix"": [[0.9681527202842882, 0.009185107359707173, 0.02266217235600468], [0.00709027760893351, 0.99290972161448, 7.765865220877912e-10], [0.4853596506689939, 3.717531223956187e-08, 0.5146403121556938]]}"
7,1,4078,1719,19,8,True,434,-2877.380543541768,-0.7055862048900853,-874.7883772319162,-0.508893762205885,True,0.0,10.43051770000602,"{""initial_prob"": [0.5548094845756435, 0.29965553346519536, 0.14553498195916115], ""kappaP"": {""10"": 27.092657424256195, ""20"": 11.162625573181408, ""40"": 9.308828209527379, ""80"": 1.2201251482735913}, ""kappaS"": {""0.06"": 1.876632264451918, ""0.12"": 5.952747182650765, ""0.24"": 16.34038816161332}, ""transition_matrix"": [[0.9483264056128746, 0.003881525785548553, 0.0477920686015768], [0.00628784843175258, 0.989686591243416, 0.004025560324831398], [0.8806856494599309, 0.016664244361220992, 0.1026501061788482]]}"
8,1,4296,1501,20,7,True,240,-5144.527010255738,-1.1975155982904415,-1969.9508026966284,-1.312425584741258,True,0.0,6.068687699997099,"{""initial_prob"": [2.1591936897675202e-07, 0.5413925054509167, 0.45860727862971434], ""kappaP"": {""10"": 7.691063250799092, ""20"": 4.549200205957063, ""40"": 3.3717002605044577, ""80"": 2.0569645962842387}, ""kappaS"": {""0.06"": 0.8982513435546517, ""0.12"": 2.5496248878059573, ""0.24"": 9.051208337841542}, ""transition_matrix"": [[0.7716010068203897, 0.007536425397426106, 0.22086256778218413], [0.011842718520432756, 0.9881269628604512, 3.0318619116064456e-05], [0.6787182895267805, 0.010549870352779784, 0.3107318401204398]]}"
9,1,6474,2158,30,10,True,173,-5533.670604791286,-0.85475295100267,-1894.2784011485232,-0.8777935130438013,True,0.0,6.661051399976714,"{""initial_prob"": [0.7958980326413871, 0.20410185549774015, 1.1186087261386084e-07], ""kappaP"": {""10"": 16.838100942520338, ""20"": 14.854398988318438, ""40"": 9.924045453844863, ""80"": 8.731128034305724}, ""kappaS"": {""0.06"": 1.7912012874363963, ""0.12"": 5.733041519228165, ""0.24"": 16.97147293546843}, ""transition_matrix"": [[0.8878743139296819, 0.06782171820042293, 0.044303967869895156], [0.17176996807120445, 0.8264487038905413, 0.001781328038254153], [0.7858570739836912, 2.4348710341647654e-08, 0.21414290166759853]]}"
10,1,4965,1079,23,5,True,408,-5361.930474025757,-1.079945714808813,-820.2099592325038,-0.7601575155074178,True,0.0,12.057689299981575,"{""initial_prob"": [0.7392049060744604, 0.09371739006043979, 0.16707770386509974], ""kappaP"": {""10"": 14.051003366605796, ""20"": 14.03736872463789, ""40"": 7.090774697639616, ""80"": 0.34978204945966607}, ""kappaS"": {""0.06"": 1.1597944280446626, ""0.12"": 3.0211368861003662, ""0.24"": 8.493456626991097}, ""transition_matrix"": [[0.798960597338761, 0.020654798156416215, 0.18038460450482288], [0.01412978891694613, 0.9646087513065451, 0.02126145977650885], [0.733453386381096, 0.06200856183962588, 0.20453805177927795]]}"
11,1,4744,1730,22,8,True,190,-3993.3366793401847,-0.8417657418507978,-1341.5848297395012,-0.7754825605430643,True,0.0,5.30741089998628,"{""initial_prob"": [0.5179400075721244, 0.056924282274524604, 0.425135710153351], ""kappaP"": {""10"": 18.76749973550645, ""20"": 13.821436221613734, ""40"": 11.321539805694488, ""80"": 1e-06}, ""kappaS"": {""0.06"": 1.3389624518000813, ""0.12"": 3.6274422436643454, ""0.24"": 15.169091238492776}, ""transition_matrix"": [[0.9665099316388229, 0.011348022227210612, 0.02214204613396644], [0.026330652504750716, 0.9692332006461715, 0.004436146849077704], [0.7643202967763589, 0.1340747037174743, 0.10160499950616679]]}"
12,1,4746,1728,22,8,True,104,-4697.313662669181,-0.9897416061249856,-1436.513155374378,-0.8313154834342465,True,0.0,2.915073100011796,"{""initial_prob"": [0.3046401348222502, 0.4326055272445, 0.26275433793324976], ""kappaP"": {""10"": 15.889630996595173, ""20"": 9.62652943346007, ""40"": 8.076859293866265, ""80"": 4.511120478176486}, ""kappaS"": {""0.06"": 1.1961318005810175, ""0.12"": 3.357201802703733, ""0.24"": 8.821318234094887}, ""transition_matrix"": [[0.8586424306517385, 0.0331584783571234, 0.10819909099113822], [0.03841579142160137, 0.9604652550606236, 0.001118953517774984], [0.5416952283533588, 9.995898664529337e-09, 0.4583047616507426]]}"
1,2,6413,2149,30,10,True,248,-3037.673604976408,-0.4736743497546246,-897.8613301714574,-0.4178042485674534,True,0.0,9.360245799995027,"{""initial_prob"": [0.2601880007597861, 0.5473743538172855, 0.19243764542292835], ""kappaP"": {""10"": 119.37695124339652, ""20"": 39.49155210043548, ""40"": 18.861215722229126, ""80"": 1.33871818333133}, ""kappaS"": {""0.06"": 5.211182656525921, ""0.12"": 11.617545767807947, ""0.24"": 29.941149373589557}, ""transition_matrix"": [[0.831606177918337, 0.16186372684291614, 0.006530095238746661], [0.3956306228210348, 0.6043693758025337, 1.376431465561373e-09], [0.8004641923404819, 6.086869884278485e-07, 0.19953519897252966]]}"
2,2,5747,2130,27,10,True,200,-3118.2093346190554,-0.5425803609916574,-1419.7356450540815,-0.6665425563634185,True,0.0,6.798513000016101,"{""initial_prob"": [0.08674898999322747, 0.9132509616833983, 4.83233742305782e-08], ""kappaP"": {""10"": 68.64444156887978, ""20"": 30.68061372584911, ""40"": 9.926908963382564, ""80"": 3.113095337996035}, ""kappaS"": {""0.06"": 2.6596703633371153, ""0.12"": 5.262717458523939, ""0.24"": 15.035111837999038}, ""transition_matrix"": [[0.6558895148554541, 0.30932139229727845, 0.03478909284726742], [0.1230179691600132, 0.876338284356733, 0.0006437464832538698], [0.2111577387724006, 0.006209764968180202, 0.7826324962594191]]}"
3,2,7048,2364,33,11,True,65,-3329.200595778772,-0.4723610379935828,-1081.5377507349372,-0.4575032786526807,True,0.0,2.6695921999926213,"{""initial_prob"": [0.6887380459317096, 0.25798543939934976, 0.0532765146689406], ""kappaP"": {""10"": 27.196458072901745, ""20"": 15.445601752415602, ""40"": 9.645197822969385, ""80"": 12.545516990940024}, ""kappaS"": {""0.06"": 2.4188646180893785, ""0.12"": 8.72179111140488, ""0.24"": 25.180881033791092}, ""transition_matrix"": [[0.9564640213820355, 0.020778725100590797, 0.02275725351737371], [0.030659143316527797, 0.9693408558800887, 8.033834582425933e-10], [0.9308344707372525, 1.9567035845415502e-08, 0.06916550969571185]]}"
4,2,3734,1065,18,5,True,76,-2902.39477346694,-0.7772883699697214,-809.3107586237053,-0.7599162052804744,True,0.0,1.6688007999910042,"{""initial_prob"": [0.1619986147892053, 0.7597929187172487, 0.07820846649354585], ""kappaP"": {""10"": 19.609498381371406, ""20"": 11.58590768303459, ""40"": 6.010190534532062, ""80"": 2.340801969780092}, ""kappaS"": {""0.06"": 1.719594067091653, ""0.12"": 4.729056283961215, ""0.24"": 9.863145006161874}, ""transition_matrix"": [[0.8944117670552122, 0.03525878725714343, 0.07032944568764438], [0.033128976588681934, 0.9668710220375624, 1.3737556137470054e-09], [0.8205359359401522, 3.5694319726454175e-08, 0.17946402836552816]]}"
5,2,4533,1256,21,6,True,446,-5797.767004186702,-1.2790132371909777,-1604.5261794765229,-1.2774889963985054,True,0.0,11.919899700005772,"{""initial_prob"": [0.999999230626333, 2.5138910363081043e-07, 5.179845635004753e-07], ""kappaP"": {""10"": 500.0, ""20"": 0.47163172009991133, ""40"": 0.8164525890691485, ""80"": 1e-06}, ""kappaS"": {""0.06"": 1.1029783230846653, ""0.12"": 3.2694792885180477, ""0.24"": 9.394062934971556}, ""transition_matrix"": [[0.9454244356450909, 0.008807004389765507, 0.04576855996514362], [0.9997900638529247, 0.00020978824551787128, 1.4790155758959145e-07], [0.5035457280409853, 1.7773819318260837e-08, 0.4964542541851954]]}"
6,2,5801,1752,27,8,True,168,-5223.857591236971,-0.900509841619888,-1646.2766608847692,-0.9396556283588864,True,0.0,5.711947100004181,"{""initial_prob"": [0.7434086248327774, 7.552894202578641e-08, 0.2565912996382806], ""kappaP"": {""10"": 11.555237245921331, ""20"": 8.043784957432766, ""40"": 4.245713085578844, ""80"": 1e-06}, ""kappaS"": {""0.06"": 1.3259951301011128, ""0.12"": 3.264873687480566, ""0.24"": 13.286978393942267}, ""transition_matrix"": [[0.9789879816948273, 0.00612458882323461, 0.014887429481938176], [0.006308638438243612, 0.9936913607563297, 8.054267052257325e-10], [0.3613445693287793, 0.009768265766064415, 0.6288871649051564]]}"
7,2,4487,1310,21,6,True,71,-2824.770448646508,-0.6295454532307796,-925.8788341221652,-0.7067777359711185,True,0.0,1.8839040999882848,"{""initial_prob"": [0.5609347564312714, 0.2887720341834457, 0.150293209385283], ""kappaP"": {""10"": 28.107947907305068, ""20"": 12.641391381392761, ""40"": 10.569745479541384, ""80"": 1.2111015926594888}, ""kappaS"": {""0.06"": 1.9822886820907317, ""0.12"": 6.496828336862679, ""0.24"": 17.171370503742125}, ""transition_matrix"": [[0.9475662216843198, 0.012748995077202998, 0.039684783238477274], [0.020786403614530206, 0.9792135902630771, 6.1223927513854635e-09], [0.8222356985818824, 2.270660417203285e-08, 0.17776427871151335]]}"
8,2,4298,1499,20,7,True,328,-5446.262388579458,-1.2671620261934524,-1674.087383177487,-1.1168027906454217,True,0.0,8.350397700007306,"{""initial_prob"": [2.773801930584074e-07, 0.684196502595687, 0.3158032200241199], ""kappaP"": {""10"": 6.81452525521681, ""20"": 3.989856667777657, ""40"": 3.5593469655481327, ""80"": 2.203029477674654}, ""kappaS"": {""0.06"": 0.8292187430883109, ""0.12"": 2.7860216161315527, ""0.24"": 9.594475586400193}, ""transition_matrix"": [[0.7928330722489617, 0.03175107217413925, 0.17541585557689907], [0.02827602030520987, 0.9717239778146771, 1.880112845029973e-09], [0.5130491601168357, 1.2562852289251057e-08, 0.4869508273203121]]}"
9,2,6474,2158,30,10,True,130,-5621.5329215649845,-0.8683245167693828,-1807.2756170417967,-0.8374771163307679,True,0.0,4.961840399977518,"{""initial_prob"": [0.8453143850784511, 0.1546854926603991, 1.2226114976790424e-07], ""kappaP"": {""10"": 11.60954104797093, ""20"": 9.588185223265274, ""40"": 4.97592172838004, ""80"": 7.399043298536708}, ""kappaS"": {""0.06"": 1.6350684730360214, ""0.12"": 5.085345102805864, ""0.24"": 15.906645646672215}, ""transition_matrix"": [[0.9258953437425942, 0.025971527678277026, 0.048133128579128805], [0.05199038504172938, 0.9468590356659315, 0.0011505792923390747], [0.7885332401921202, 9.339733675336597e-09, 0.21146675046814617]]}"
10,2,4333,1711,20,8,True,576,-3999.723970288589,-0.9230842303920124,-2189.0972894674,-1.2794256513544124,True,0.0,14.67781809999724,"{""initial_prob"": [0.7853977762503831, 0.21460207541835455, 1.4833126229346198e-07], ""kappaP"": {""10"": 19.27739708825914, ""20"": 18.620746331780904, ""40"": 7.879402711237186, ""80"": 0.5912137923158086}, ""kappaS"": {""0.06"": 0.8840642917224675, ""0.12"": 1.7305986879124642, ""0.24"": 7.838701712927374}, ""transition_matrix"": [[0.9524123561938257, 0.0025753696262197073, 0.04501227417995455], [0.003347404289303596, 0.9602980879573442, 0.036354507753352194], [0.461685334599809, 0.5383146159302328, 4.946995834935507e-08]]}"
11,2,4763,1711,22,8,True,75,-3906.7873410043326,-0.8202366871728601,-1448.1406897388297,-0.8463709466620862,True,0.0,2.093438800016884,"{""initial_prob"": [0.5282217358600737, 0.06935137277343967, 0.4024268913664867], ""kappaP"": {""10"": 19.081804967284242, ""20"": 14.788912440649426, ""40"": 0.30682965242985494, ""80"": 1e-06}, ""kappaS"": {""0.06"": 1.542295122926265, ""0.12"": 4.016557146601499, ""0.24"": 15.865368696841323}, ""transition_matrix"": [[0.9580453770912573, 0.009605850637573137, 0.03234877227116944], [0.02666815131632867, 0.9692493980551531, 0.004082450628518356], [0.8313010184394688, 0.11984656215638789, 0.048852419404143255]]}"
12,2,4965,1509,23,7,True,89,-4467.690217496268,-0.8998369018119371,-1660.767687098045,-1.1005750080172598,True,0.0,2.593074999982491,"{""initial_prob"": [0.1183392055898414, 0.49582090485902025, 0.3858398895511383], ""kappaP"": {""10"": 17.813273774559583, ""20"": 11.676031492851264, ""40"": 8.729734628619951, ""80"": 7.158448774465048}, ""kappaS"": {""0.06"": 1.2117862513429045, ""0.12"": 3.332550942209252, ""0.24"": 7.569529626740499}, ""transition_matrix"": [[0.8468150090024107, 0.05210241920707114, 0.10108257179051809], [0.047556629623040435, 0.9495617564227764, 0.0028816139541831165], [0.5452871105982938, 0.01867177200643062, 0.43604111739527557]]}"
1,3,6418,2144,30,10,True,131,-2887.113041742031,-0.4498462202776614,-1057.162487139742,-0.4930795182554767,True,0.0,5.011660799995298,"{""initial_prob"": [0.3528863736159151, 0.5492831813312924, 0.0978304450527925], ""kappaP"": {""10"": 111.60522632648194, ""20"": 50.62659787623609, ""40"": 9.02159607292199, ""80"": 1.331462348278472}, ""kappaS"": {""0.06"": 5.78708768123621, ""0.12"": 12.614015970384653, ""0.24"": 30.37848459645796}, ""transition_matrix"": [[0.8385908977490387, 0.15115018565558025, 0.010258916595380993], [0.3828670045290244, 0.6171329937725861, 1.6983895815938051e-09], [0.9666099344793027, 8.201789207116909e-08, 0.033389983502805344]]}"
2,3,5747,2130,27,10,True,266,-3308.984165913314,-0.5757759119389793,-1223.55072913372,-0.5744369620346103,True,0.0,9.089319999999134,"{""initial_prob"": [0.053925436517939546, 0.946074520995711, 4.2486349481855626e-08], ""kappaP"": {""10"": 70.50496809344683, ""20"": 34.56469046113483, ""40"": 10.199068973071576, ""80"": 2.7554094097538853}, ""kappaS"": {""0.06"": 2.9797179457425735, ""0.12"": 5.557617675223587, ""0.24"": 13.650039294471451}, ""transition_matrix"": [[0.5839156076855947, 0.3853617009236802, 0.030722691390724997], [0.15353539813248163, 0.844024823428912, 0.002439778438606294], [0.25303449568313013, 4.419108471970639e-06, 0.7469610852083979]]}"
3,3,7075,2337,33,11,True,107,-3190.56291624122,-0.450962956359183,-1219.9597013785756,-0.5220195555749146,True,0.0,4.491056300001219,"{""initial_prob"": [0.7824731398398166, 0.15432036027145535, 0.06320649988872797], ""kappaP"": {""10"": 28.692563711408795, ""20"": 15.439570209986048, ""40"": 10.686680452198061, ""80"": 10.088516971099297}, ""kappaS"": {""0.06"": 2.663809582020902, ""0.12"": 8.81783865485677, ""0.24"": 26.652663295891763}, ""transition_matrix"": [[0.9523608715374616, 0.023890699872512636, 0.02374842859002584], [0.034743225660562795, 0.9652567735608841, 7.785529839674734e-10], [0.9709302613036921, 2.2212445378704755e-08, 0.029069716483862543]]}"
4,3,3597,1202,17,6,True,117,-2878.8483725846804,-0.80034705937856,-837.0230374435187,-0.6963586002025945,True,0.0,2.531944400019711,"{""initial_prob"": [0.2770523366518846, 0.7229470655902555, 5.977578599450937e-07], ""kappaP"": {""10"": 19.959074982785783, ""20"": 11.761168934559446, ""40"": 6.6198721124545425, ""80"": 2.2531189852560822}, ""kappaS"": {""0.06"": 1.671080798840442, ""0.12"": 4.667221821342744, ""0.24"": 10.173486985470191}, ""transition_matrix"": [[0.9022789380391044, 0.03200906839858887, 0.06571199356230663], [0.03691643235308571, 0.9630835660136112, 1.6333031062321784e-09], [0.8784178735812195, 2.4538087206924967e-08, 0.12158210188069327]]}"
5,3,4506,1283,21,6,True,159,-5653.96758030607,-1.2547642211065402,-1749.250388024332,-1.3634063819363462,True,0.0,4.359657099994365,"{""initial_prob"": [0.9999926344000046, 7.290965160540462e-06, 7.463483478718652e-08], ""kappaP"": {""10"": 149.1582003130928, ""20"": 1.321805167708383, ""40"": 0.5236633728695214, ""80"": 1e-06}, ""kappaS"": {""0.06"": 1.1954118726714935, ""0.12"": 3.4462469964215647, ""0.24"": 8.969087983080666}, ""transition_matrix"": [[0.9484856913267716, 0.041265540871474785, 0.010248767801753596], [0.8591689379836486, 0.14083103815009235, 2.3866259059081266e-08], [0.13596874426003883, 1.3715662012415936e-08, 0.8640312420242992]]}"
6,3,5621,1932,26,9,True,108,-5292.171053009825,-0.9414999204785316,-1581.1029254494545,-0.8183762554086204,True,0.0,3.641369599994505,"{""initial_prob"": [0.633339030303858, 4.8127498564987114e-08, 0.3666609215686434], ""kappaP"": {""10"": 9.819974839031682, ""20"": 7.593155505659008, ""40"": 4.882846474455663, ""80"": 1e-06}, ""kappaS"": {""0.06"": 1.3236035178697474, ""0.12"": 3.4054588114131628, ""0.24"": 13.35270426341481}, ""transition_matrix"": [[0.9786081957917602, 0.007111678831363382, 0.01428012537687638], [0.010302301492252162, 0.9896976975321014, 9.756464644814991e-10], [0.3234221725018806, 0.007682822034859323, 0.6688950054632602]]}"
7,3,4304,1493,20,7,True,121,-2610.482612795741,-0.6065247706309806,-1142.2134371253712,-0.7650458386640129,True,0.0,3.14288190001389,"{""initial_prob"": [0.6041018049729061, 0.26430281704042496, 0.13159537798666895], ""kappaP"": {""10"": 30.894534235964194, ""20"": 12.370043577673568, ""40"": 12.44060193568791, ""80"": 1.7144354502889863}, ""kappaS"": {""0.06"": 1.9557943112387308, ""0.12"": 6.47697559454913, ""0.24"": 16.859979980967523}, ""transition_matrix"": [[0.9384347597015258, 0.010276527613152491, 0.051288712685321806], [0.01502813522356982, 0.9849718614496841, 3.3267460325932925e-09], [0.9400802563481014, 2.6212001470072912e-08, 0.059919717439897206]]}"
8,3,4283,1514,20,7,True,291,-5257.423356051037,-1.227509539120018,-1858.563686831595,-1.2275849979072622,True,0.0,7.464923199993791,"{""initial_prob"": [1.4970178622464573e-07, 0.6061732010816003, 0.3938266492166135], ""kappaP"": {""10"": 8.14313390003998, ""20"": 3.846417672822653, ""40"": 3.3608726181240205, ""80"": 2.178640882774156}, ""kappaS"": {""0.06"": 0.6930039944345663, ""0.12"": 1.5071280740602533, ""0.24"": 8.904285883042183}, ""transition_matrix"": [[0.8465969908946765, 0.014269011416674826, 0.1391339976886487], [0.015610535494845834, 0.9843894627142792, 1.7908749453954935e-09], [0.8631061209414818, 3.749845026787436e-08, 0.13689384156006795]]}"
9,3,6474,2158,30,10,True,420,-5540.461359219695,-0.8558018781618312,-1885.649221489996,-0.8737948199675605,True,0.0,16.014083599991864,"{""initial_prob"": [0.7839531927497484, 0.21604446274543765, 2.3445048139761413e-06], ""kappaP"": {""10"": 13.929090952938848, ""20"": 12.975500672149753, ""40"": 9.847719869970192, ""80"": 5.445550080111295}, ""kappaS"": {""0.06"": 1.704725397941909, ""0.12"": 5.594914361824786, ""0.24"": 15.800895841743463}, ""transition_matrix"": [[0.8934441214963063, 0.053671768103936715, 0.0528841103997571], [0.11217446819081632, 0.8878255172701965, 1.4538987104937136e-08], [0.8343122483932107, 1.4077699491475443e-08, 0.16568773752908977]]}"
10,3,4316,1728,20,8,True,328,-4592.533371048566,-1.064071680039056,-1594.1805526732755,-0.922558190204442,True,0.0,8.439565799984848,"{""initial_prob"": [0.7609409035978999, 2.6084502110975355e-07, 0.2390588355570789], ""kappaP"": {""10"": 24.40433314339745, ""20"": 16.41958141620792, ""40"": 7.184228828830115, ""80"": 0.2600728576331248}, ""kappaS"": {""0.06"": 1.2409239784934716, ""0.12"": 2.724144799372325, ""0.24"": 7.926752166825174}, ""transition_matrix"": [[0.7829621613406704, 0.017677308376466066, 0.19936053028286338], [0.014020500594916793, 0.9612314735058949, 0.024748025899188314], [0.7842125512096932, 0.07075096007019556, 0.14503648872011118]]}"
11,3,5169,1305,24,6,True,113,-4232.562112701575,-0.8188357733994147,-1043.4502505109383,-0.7995787360237077,True,0.0,3.457126400026027,"{""initial_prob"": [0.5187525966664954, 0.17086736914769068, 0.3103800341858139], ""kappaP"": {""10"": 21.709600141491936, ""20"": 16.03413990767287, ""40"": 12.606988239026457, ""80"": 29.061360930826908}, ""kappaS"": {""0.06"": 1.467613866102315, ""0.12"": 3.7099824975919216, ""0.24"": 15.749507906595396}, ""transition_matrix"": [[0.9275981881734099, 0.04011251941982915, 0.03228929240676086], [0.08341621609312604, 0.9165837468627055, 3.7044168402807145e-08], [0.8454704516305437, 0.03923357440641343, 0.1152959739630429]]}"
12,3,4542,1932,21,9,True,84,-4342.186787342093,-0.956007659036128,-1796.2520729124485,-0.9297370977807704,True,0.0,2.2734235000098124,"{""initial_prob"": [0.16911260924125898, 0.4857243151835906, 0.3451630755751504], ""kappaP"": {""10"": 18.471303542110906, ""20"": 10.839789746683262, ""40"": 6.381095196610783, ""80"": 13.008878089917463}, ""kappaS"": {""0.06"": 1.1675480437759904, ""0.12"": 3.313836871293977, ""0.24"": 7.6772972731421385}, ""transition_matrix"": [[0.8273941372438491, 0.03141836464320797, 0.14118749811294287], [0.033016149096296854, 0.9617243454816449, 0.005259505422058284], [0.5708184934941509, 0.030977481950649956, 0.3982040245551991]]}"
1,4,6442,2120,30,10,True,206,-2982.3182428570785,-0.4629491218343804,-958.2561033307248,-0.4520075959107192,True,0.0,7.8552507999993395,"{""initial_prob"": [0.4112475786574283, 0.34963062288446595, 0.23912179845810577], ""kappaP"": {""10"": 111.63552135629804, ""20"": 53.85968043306333, ""40"": 19.296100097834536, ""80"": 1.0584413955992478}, ""kappaS"": {""0.06"": 5.2778500925308105, ""0.12"": 11.440316267569179, ""0.24"": 28.175677928778516}, ""transition_matrix"": [[0.8495719073791024, 0.14976643195970377, 0.0006616606611939963], [0.3877732461162214, 0.6122267520464739, 1.8373047062873729e-09], [0.05595839219833915, 0.556423455879766, 0.3876181519218947]]}"
2,4,5962,1915,28,9,True,125,-3619.0495881349993,-0.6070193874765178,-932.5082437065912,-0.4869494745204131,True,0.0,4.403671100008069,"{""initial_prob"": [2.0068852450603622e-07, 0.9999997596871245, 3.962435096977223e-08], ""kappaP"": {""10"": 70.36547251845484, ""20"": 31.421356129181998, ""40"": 8.893215388922439, ""80"": 2.4764208810631674}, ""kappaS"": {""0.06"": 3.5165752955175096, ""0.12"": 6.571716348004869, ""0.24"": 15.024114707921736}, ""transition_matrix"": [[0.5330509981054774, 0.44845937606525144, 0.01848962582927118], [0.19512284437916144, 0.8036921143476287, 0.0011850412732099037], [0.2166471134927023, 6.066341677870074e-07, 0.7833522798731299]]}"
3,4,7271,2141,34,10,True,86,-3404.048056998396,-0.4681677976892306,-1007.464532974557,-0.4705579322627543,True,0.0,3.687170399993192,"{""initial_prob"": [0.7373788170696366, 0.2066606723120786, 0.055960510618284914], ""kappaP"": {""10"": 27.53085279779209, ""20"": 14.550285902482232, ""40"": 11.430111730218089, ""80"": 10.204354278872449}, ""kappaS"": {""0.06"": 2.6784057144293163, ""0.12"": 9.509700564200456, ""0.24"": 26.141170192514256}, ""transition_matrix"": [[0.9446813407231884, 0.019718726945436017, 0.03559993233137561], [0.029791317752813302, 0.9702086816486031, 5.985834674652475e-10], [0.9611343539166287, 1.0781737219515453e-08, 0.038865635301633894]]}"
4,4,3762,1037,18,5,True,73,-2961.390625610595,-0.7871851742718222,-755.5993696900853,-0.7286397007618951,True,0.0,1.6404427000088615,"{""initial_prob"": [0.1875780160224294, 0.6821564293720026, 0.13026555460556813], ""kappaP"": {""10"": 24.043096934649768, ""20"": 12.531142460966402, ""40"": 8.161488125595962, ""80"": 2.353968790746164}, ""kappaS"": {""0.06"": 1.7839183550908722, ""0.12"": 4.802357924950453, ""0.24"": 10.302205775704122}, ""transition_matrix"": [[0.8732747062851642, 0.058678560321930556, 0.0680467333929052], [0.05921008544848515, 0.9407899132607112, 1.2908037150514449e-09], [0.8466762684326987, 7.234247227782591e-08, 0.15332365922482893]]}"
5,4,4266,1523,20,7,True,341,-5420.63378149893,-1.2706595830986709,-1978.904270713024,-1.299346205327002,True,0.0,8.653630600019824,"{""initial_prob"": [0.9418637494097157, 0.03849205319858429, 0.01964419739170003], ""kappaP"": {""10"": 135.42052332701434, ""20"": 1e-06, ""40"": 1e-06, ""80"": 0.20332812992950738}, ""kappaS"": {""0.06"": 1.1589965690184432, ""0.12"": 3.1218098863066426, ""0.24"": 9.20586126815148}, ""transition_matrix"": [[0.9660693516093083, 0.022772476181269558, 0.011158172209422206], [0.9999996283287701, 2.811607311038644e-07, 9.05104988128329e-08], [0.1487400235262703, 2.3837886426893744e-08, 0.8512599526358432]]}"
6,4,5616,1937,26,9,True,72,-5178.131847326021,-0.9220320240965136,-1695.2439946771344,-0.8751904980263988,True,0.0,2.424926900013816,"{""initial_prob"": [0.6821352380384573, 9.451563138625258e-08, 0.31786466744591124], ""kappaP"": {""10"": 10.722357398961366, ""20"": 8.07829675587797, ""40"": 4.9543859899374505, ""80"": 1e-06}, ""kappaS"": {""0.06"": 1.2528302516689116, ""0.12"": 3.0026754085386114, ""0.24"": 12.590708268640508}, ""transition_matrix"": [[0.984666292802358, 0.003616070532922518, 0.011717636664719583], [0.002328855959125672, 0.9976711430469205, 9.939538676698375e-10], [0.23435928563728803, 0.014730486921714608, 0.7509102274409974]]}"
7,4,4522,1275,21,6,True,59,-2918.786288474469,-0.6454635755140358,-835.2966528245404,-0.6551346296663062,True,0.0,1.5797125000099186,"{""initial_prob"": [0.48597487752400176, 0.2498305876112149, 0.26419453486478334], ""kappaP"": {""10"": 22.765469311877265, ""20"": 11.29163188589448, ""40"": 10.95236757933754, ""80"": 1.1173558170642872}, ""kappaS"": {""0.06"": 1.891009037862726, ""0.12"": 6.169358663864227, ""0.24"": 16.2680241118278}, ""transition_matrix"": [[0.9534801787402486, 0.005975708695453363, 0.040544112564298025], [0.008464757188251504, 0.9915352380814602, 4.730288415614936e-09], [0.9357024978266051, 9.934310810404804e-08, 0.06429740283028683]]}"
8,4,4514,1283,21,6,True,269,-5454.586055092117,-1.2083708584608146,-1658.725796904645,-1.2928494130199883,True,0.0,7.192012799991062,"{""initial_prob"": [2.2213347348547462e-07, 0.5677106052022146, 0.4322891726643119], ""kappaP"": {""10"": 7.714036317414391, ""20"": 4.065846275764805, ""40"": 3.3609161027868915, ""80"": 2.1313604850403562}, ""kappaS"": {""0.06"": 0.8099629376885639, ""0.12"": 2.010667821042513, ""0.24"": 8.366441938004913}, ""transition_matrix"": [[0.7318531571850402, 0.014125978389323605, 0.25402086442563615], [0.011329696880522806, 0.9886702986999888, 4.41948842168153e-09], [0.7047024556873718, 1.90414994653815e-08, 0.2952975252711288]]}"
9,4,6474,2158,30,10,True,193,-5553.058886998861,-0.8577477428172476,-1875.9524503560183,-0.8693014135106665,True,0.0,7.344497500016587,"{""initial_prob"": [0.9061191012717814, 0.09388063820878867, 2.6051942985621404e-07], ""kappaP"": {""10"": 14.3048085506913, ""20"": 10.15016768094183, ""40"": 4.502085631556658, ""80"": 5.791646616862088}, ""kappaS"": {""0.06"": 1.6493203157938618, ""0.12"": 5.255320761492176, ""0.24"": 16.540452796295632}, ""transition_matrix"": [[0.9114971776362157, 0.04757678524669408, 0.040926037117090065], [0.09343386691321325, 0.9041315152309821, 0.0024346178558046104], [0.895907716183061, 1.9412867958999e-08, 0.10409226440407111]]}"
10,4,4518,1526,21,7,True,209,-4522.618302233297,-1.0010222005828455,-1653.1141226194338,-1.0832989007991047,True,0.0,5.591173799999524,"{""initial_prob"": [0.8547090607879274, 0.07346522192988121, 0.07182571728219135], ""kappaP"": {""10"": 18.61300733792014, ""20"": 16.322863989376646, ""40"": 7.79495432931378, ""80"": 0.3894880694167064}, ""kappaS"": {""0.06"": 1.2076632324238168, ""0.12"": 3.1398937694685256, ""0.24"": 8.844005713576426}, ""transition_matrix"": [[0.7407668774035306, 0.048004308781098876, 0.21122881381537054], [0.03528640154714146, 0.9623310379977483, 0.0023825604551101207], [0.7785953172806428, 3.249748613379257e-06, 0.22140143297074388]]}"
11,4,4746,1728,22,8,True,221,-3696.7599746418464,-0.7789211914542449,-1611.2814467578432,-0.932454540947826,True,0.0,6.260998100013239,"{""initial_prob"": [0.6607929789733673, 0.06349140552238736, 0.2757156155042453], ""kappaP"": {""10"": 23.699693871606204, ""20"": 16.119519733931682, ""40"": 15.122313938472137, ""80"": 28.60867158550662}, ""kappaS"": {""0.06"": 1.7804892154112348, ""0.12"": 4.277939223467445, ""0.24"": 16.59426512692352}, ""transition_matrix"": [[0.9152331540595303, 0.05380918727101845, 0.030957658669451285], [0.11346514811861362, 0.8839892971884621, 0.0025455546929243505], [0.9469226546924323, 0.044676527675273504, 0.008400817632294076]]}"
12,4,5169,1305,24,6,True,121,-4833.936484297066,-0.9351782712898176,-1293.3398058732896,-0.991064985343517,True,0.0,3.720424900006037,"{""initial_prob"": [0.18997848794470065, 0.5010973596962905, 0.30892415235900883], ""kappaP"": {""10"": 15.390510423245935, ""20"": 11.553835366585416, ""40"": 7.026937641075473, ""80"": 6.5456595195346505}, ""kappaS"": {""0.06"": 1.2101835767721782, ""0.12"": 3.48081561928058, ""0.24"": 8.285488130851554}, ""transition_matrix"": [[0.8180492036687063, 0.05541262429877037, 0.12653817203252327], [0.042997362755922384, 0.9528948182474499, 0.004107818996627817], [0.5107499493703961, 0.008827678921371623, 0.48042237170823227]]}"
