data_version,subject_id,fold_id,n_train_trials,n_test_trials,n_train_blocks,n_test_blocks,train_converged,train_iterations,train_final_log_likelihood,test_total_log_likelihood,test_mean_log_likelihood_per_trial,test_negative_log_likelihood_per_trial,test_perplexity,likelihood_monotonic,maximum_likelihood_drop,sensory_weight,prior_weight,lapse_weight,parameter_json
original,1,1,6413,2149,30,10,True,140,-2870.331416376821,-1065.37550915369,-0.4957540759207492,0.4957540759207492,1.6417357658130711,True,0.0,0.7173874413687181,0.2766354135383966,0.005977145092885262,"{""initial_prob"": [0.44736347168611007, 0.46224210119792614, 0.09039442711596388], ""kappaP"": {""10"": 123.99995150017835, ""20"": 37.73509305511595, ""40"": 20.57693916846926, ""80"": 1.122075709282649}, ""kappaS"": {""0.06"": 5.468265462690704, ""0.12"": 11.688366635635669, ""0.24"": 29.863966535703458}, ""transition_matrix"": [[0.8329963490160931, 0.16057376807431623, 0.006429882909590646], [0.39610414567862623, 0.6038958523543918, 1.966981999759906e-09], [0.8569928727736549, 2.242201567874224e-07, 0.14300690300618835]]}"
original,1,2,6413,2149,30,10,True,248,-3037.6736049764077,-897.8613301714574,-0.41780424856745346,0.41780424856745346,1.518623372603877,True,0.0,0.7175197487373508,0.2761710866801474,0.006309164582501769,"{""initial_prob"": [0.2601880007597861, 0.5473743538172855, 0.19243764542292835], ""kappaP"": {""10"": 119.37695124339652, ""20"": 39.49155210043548, ""40"": 18.861215722229126, ""80"": 1.33871818333133}, ""kappaS"": {""0.06"": 5.211182656525921, ""0.12"": 11.617545767807947, ""0.24"": 29.941149373589557}, ""transition_matrix"": [[0.831606177918337, 0.16186372684291614, 0.006530095238746661], [0.3956306228210348, 0.6043693758025337, 1.376431465561373e-09], [0.8004641923404819, 6.086869884278485e-07, 0.19953519897252966]]}"
original,1,3,6418,2144,30,10,True,131,-2887.113041742031,-1057.162487139742,-0.49307951825547675,0.49307951825547675,1.637350715485197,True,0.0,0.6957230188080624,0.2961667709791961,0.008110210212741529,"{""initial_prob"": [0.3528863736159151, 0.5492831813312924, 0.0978304450527925], ""kappaP"": {""10"": 111.60522632648194, ""20"": 50.62659787623609, ""40"": 9.02159607292199, ""80"": 1.331462348278472}, ""kappaS"": {""0.06"": 5.78708768123621, ""0.12"": 12.614015970384653, ""0.24"": 30.37848459645796}, ""transition_matrix"": [[0.8385908977490387, 0.15115018565558025, 0.010258916595380993], [0.3828670045290244, 0.6171329937725861, 1.6983895815938051e-09], [0.9666099344793027, 8.201789207116909e-08, 0.033389983502805344]]}"
original,1,4,6442,2120,30,10,True,206,-2982.3182428570785,-958.2561033307247,-0.4520075959107192,0.4520075959107192,1.5714638852316847,True,0.0,0.7086339950323782,0.28807018251006866,0.003295822457553091,"{""initial_prob"": [0.4112475786574283, 0.34963062288446595, 0.23912179845810577], ""kappaP"": {""10"": 111.63552135629804, ""20"": 53.85968043306333, ""40"": 19.296100097834536, ""80"": 1.0584413955992478}, ""kappaS"": {""0.06"": 5.2778500925308105, ""0.12"": 11.440316267569179, ""0.24"": 28.175677928778516}, ""transition_matrix"": [[0.8495719073791024, 0.14976643195970377, 0.0006616606611939963], [0.3877732461162214, 0.6122267520464739, 1.8373047062873729e-09], [0.05595839219833915, 0.556423455879766, 0.3876181519218947]]}"
original,2,1,6175,1702,29,8,True,129,-3526.3786910883978,-1009.7565609214143,-0.5932764752769767,0.5932764752769767,1.809908832594699,True,0.0,0.28782609102103246,0.6878548601336322,0.024319048845335155,"{""initial_prob"": [0.07366685819636823, 0.9263331006693621, 4.113426963027772e-08], ""kappaP"": {""10"": 68.3291634354032, ""20"": 36.08124919028886, ""40"": 11.97066128641689, ""80"": 2.50308876056112}, ""kappaS"": {""0.06"": 2.8778740546353707, ""0.12"": 5.1964530071213595, ""0.24"": 16.542658363610286}, ""transition_matrix"": [[0.6439802448719968, 0.33190351007622, 0.0241162450517832], [0.14013693953593814, 0.8568317996721664, 0.0030312607918955006], [0.22824103130159387, 5.285701873157664e-07, 0.7717584401282188]]}"
original,2,2,5747,2130,27,10,True,200,-3118.2093346190554,-1419.7356450540815,-0.6665425563634185,0.6665425563634185,1.9474923221924048,True,0.0,0.30352766657767116,0.6500565846694909,0.046415748752837854,"{""initial_prob"": [0.08674898999322747, 0.9132509616833983, 4.83233742305782e-08], ""kappaP"": {""10"": 68.64444156887978, ""20"": 30.68061372584911, ""40"": 9.926908963382564, ""80"": 3.113095337996035}, ""kappaS"": {""0.06"": 2.6596703633371153, ""0.12"": 5.262717458523939, ""0.24"": 15.035111837999038}, ""transition_matrix"": [[0.6558895148554541, 0.30932139229727845, 0.03478909284726742], [0.1230179691600132, 0.876338284356733, 0.0006437464832538698], [0.2111577387724006, 0.006209764968180202, 0.7826324962594191]]}"
original,2,3,5747,2130,27,10,True,266,-3308.984165913314,-1223.5507291337199,-0.5744369620346103,0.5744369620346103,1.7761302165907031,True,0.0,0.2942001909153961,0.6656095707118809,0.040190238372722946,"{""initial_prob"": [0.053925436517939546, 0.946074520995711, 4.2486349481855626e-08], ""kappaP"": {""10"": 70.50496809344683, ""20"": 34.56469046113483, ""40"": 10.199068973071576, ""80"": 2.7554094097538853}, ""kappaS"": {""0.06"": 2.9797179457425735, ""0.12"": 5.557617675223587, ""0.24"": 13.650039294471451}, ""transition_matrix"": [[0.5839156076855947, 0.3853617009236802, 0.030722691390724997], [0.15353539813248163, 0.844024823428912, 0.002439778438606294], [0.25303449568313013, 4.419108471970639e-06, 0.7469610852083979]]}"
original,2,4,5962,1915,28,9,True,125,-3619.0495881349993,-932.5082437065911,-0.4869494745204131,0.4869494745204131,1.627344384945886,True,0.0,0.24791834620585673,0.7069729814276781,0.04510867236646524,"{""initial_prob"": [2.0068852450603622e-07, 0.9999997596871245, 3.962435096977223e-08], ""kappaP"": {""10"": 70.36547251845484, ""20"": 31.421356129181998, ""40"": 8.893215388922439, ""80"": 2.4764208810631674}, ""kappaS"": {""0.06"": 3.5165752955175096, ""0.12"": 6.571716348004869, ""0.24"": 15.024114707921736}, ""transition_matrix"": [[0.5330509981054774, 0.44845937606525144, 0.01848962582927118], [0.19512284437916144, 0.8036921143476287, 0.0011850412732099037], [0.2166471134927023, 6.066341677870074e-07, 0.7833522798731299]]}"
original,3,1,6842,2570,32,12,True,166,-3229.3266575657367,-1192.9120334270401,-0.4641681063918444,0.4641681063918444,1.5906903531808505,True,0.0,0.7051571227802986,0.26934862100688006,0.025494256212821406,"{""initial_prob"": [0.9999996127465011, 1.2268527499761572e-07, 2.6456822390037713e-07], ""kappaP"": {""10"": 63.80076097500297, ""20"": 46.743566049685334, ""40"": 40.71563747770674, ""80"": 39.23882576243782}, ""kappaS"": {""0.06"": 3.6258625337835726, ""0.12"": 11.346931568426733, ""0.24"": 29.230651407091145}, ""transition_matrix"": [[0.7941838253548728, 0.17117005565987178, 0.03464611898525551], [0.4288916920285352, 0.5711083052086111, 2.7628536919496245e-09], [0.8978685626881352, 2.9382797536386837e-08, 0.10213140792906719]]}"
original,3,2,7048,2364,33,11,True,65,-3329.200595778772,-1081.5377507349372,-0.4575032786526807,0.4575032786526807,1.5801239268096385,True,0.0,0.622380867644351,0.36271677487935144,0.014902357476297583,"{""initial_prob"": [0.6887380459317096, 0.25798543939934976, 0.0532765146689406], ""kappaP"": {""10"": 27.196458072901745, ""20"": 15.445601752415602, ""40"": 9.645197822969385, ""80"": 12.545516990940024}, ""kappaS"": {""0.06"": 2.4188646180893785, ""0.12"": 8.72179111140488, ""0.24"": 25.180881033791092}, ""transition_matrix"": [[0.9564640213820355, 0.020778725100590797, 0.02275725351737371], [0.030659143316527797, 0.9693408558800887, 8.033834582425933e-10], [0.9308344707372525, 1.9567035845415502e-08, 0.06916550969571185]]}"
original,3,3,7075,2337,33,11,True,107,-3190.5629162412197,-1219.9597013785756,-0.5220195555749146,0.5220195555749146,1.6854280304892533,True,0.0,0.6245777817814788,0.35579792170797114,0.019624296510549977,"{""initial_prob"": [0.7824731398398166, 0.15432036027145535, 0.06320649988872797], ""kappaP"": {""10"": 28.692563711408795, ""20"": 15.439570209986048, ""40"": 10.686680452198061, ""80"": 10.088516971099297}, ""kappaS"": {""0.06"": 2.663809582020902, ""0.12"": 8.81783865485677, ""0.24"": 26.652663295891763}, ""transition_matrix"": [[0.9523608715374616, 0.023890699872512636, 0.02374842859002584], [0.034743225660562795, 0.9652567735608841, 7.785529839674734e-10], [0.9709302613036921, 2.2212445378704755e-08, 0.029069716483862543]]}"
original,3,4,7271,2141,34,10,True,86,-3404.048056998396,-1007.464532974557,-0.4705579322627543,0.4705579322627543,1.6008871306741201,True,0.0,0.5910570329802427,0.3899476848245474,0.018995282195209837,"{""initial_prob"": [0.7373788170696366, 0.2066606723120786, 0.055960510618284914], ""kappaP"": {""10"": 27.53085279779209, ""20"": 14.550285902482232, ""40"": 11.430111730218089, ""80"": 10.204354278872449}, ""kappaS"": {""0.06"": 2.6784057144293163, ""0.12"": 9.509700564200456, ""0.24"": 26.141170192514256}, ""transition_matrix"": [[0.9446813407231884, 0.019718726945436017, 0.03559993233137561], [0.029791317752813302, 0.9702086816486031, 5.985834674652475e-10], [0.9611343539166287, 1.0781737219515453e-08, 0.038865635301633894]]}"
original,4,1,3304,1495,16,7,True,90,-2379.163089556125,-1340.321900724552,-0.8965363884445164,0.8965363884445164,2.4510987378240827,True,0.0,0.5084643986549253,0.4480782489661928,0.04345735237888186,"{""initial_prob"": [0.15582302239252616, 0.6963566550862355, 0.14782032252123842], ""kappaP"": {""10"": 20.402559231776983, ""20"": 12.869978024165027, ""40"": 5.568685568726135, ""80"": 2.9853526550165217}, ""kappaS"": {""0.06"": 1.6263970053954664, ""0.12"": 4.752262445790766, ""0.24"": 10.61527673165249}, ""transition_matrix"": [[0.9132876760722358, 0.022061553479860767, 0.0646507704479035], [0.021921319252638304, 0.9780786791956462, 1.551715641999663e-09], [0.8044529190947826, 7.893184964448872e-07, 0.19554629158672096]]}"
original,4,2,3734,1065,18,5,True,76,-2902.3947734669396,-809.3107586237053,-0.7599162052804744,0.7599162052804744,2.1380970517474562,True,0.0,0.5110707164170545,0.44702530368325283,0.04190397989969272,"{""initial_prob"": [0.1619986147892053, 0.7597929187172487, 0.07820846649354585], ""kappaP"": {""10"": 19.609498381371406, ""20"": 11.58590768303459, ""40"": 6.010190534532062, ""80"": 2.340801969780092}, ""kappaS"": {""0.06"": 1.719594067091653, ""0.12"": 4.729056283961215, ""0.24"": 9.863145006161874}, ""transition_matrix"": [[0.8944117670552122, 0.03525878725714343, 0.07032944568764438], [0.033128976588681934, 0.9668710220375624, 1.3737556137470054e-09], [0.8205359359401522, 3.5694319726454175e-08, 0.17946402836552816]]}"
original,4,3,3597,1202,17,6,True,117,-2878.8483725846804,-837.0230374435187,-0.6963586002025945,0.6963586002025945,2.0064331635503105,True,0.0,0.3980553741759336,0.5710496583274215,0.030894967496644984,"{""initial_prob"": [0.2770523366518846, 0.7229470655902555, 5.977578599450937e-07], ""kappaP"": {""10"": 19.959074982785783, ""20"": 11.761168934559446, ""40"": 6.6198721124545425, ""80"": 2.2531189852560822}, ""kappaS"": {""0.06"": 1.671080798840442, ""0.12"": 4.667221821342744, ""0.24"": 10.173486985470191}, ""transition_matrix"": [[0.9022789380391044, 0.03200906839858887, 0.06571199356230663], [0.03691643235308571, 0.9630835660136112, 1.6333031062321784e-09], [0.8784178735812195, 2.4538087206924967e-08, 0.12158210188069327]]}"
original,4,4,3762,1037,18,5,True,73,-2961.390625610595,-755.5993696900853,-0.7286397007618951,0.7286397007618951,2.072259796113378,True,0.0,0.4865089787165021,0.47735543377928824,0.03613558750420962,"{""initial_prob"": [0.1875780160224294, 0.6821564293720026, 0.13026555460556813], ""kappaP"": {""10"": 24.043096934649768, ""20"": 12.531142460966402, ""40"": 8.161488125595962, ""80"": 2.353968790746164}, ""kappaS"": {""0.06"": 1.7839183550908722, ""0.12"": 4.802357924950453, ""0.24"": 10.302205775704122}, ""transition_matrix"": [[0.8732747062851642, 0.058678560321930556, 0.0680467333929052], [0.05921008544848515, 0.9407899132607112, 1.2908037150514449e-09], [0.8466762684326987, 7.234247227782591e-08, 0.15332365922482893]]}"
original,5,1,4062,1727,19,8,False,300,-5293.359723751889,-2114.0974617266284,-1.224144448017735,1.224144448017735,3.4012548872678536,True,0.0,0.9086390101172682,0.049794819318854405,0.04156617056387727,"{""initial_prob"": [0.8786302024649771, 0.12134654314130787, 2.325439371486612e-05], ""kappaP"": {""10"": 94.86179954121317, ""20"": 1e-06, ""40"": 0.5983711827338765, ""80"": 0.19233526424302888}, ""kappaS"": {""0.06"": 1.0744689204761644, ""0.12"": 3.2280601268227125, ""0.24"": 9.08520696596796}, ""transition_matrix"": [[0.918863139409718, 0.07392614399412129, 0.007210716596160771], [0.9543385494335963, 0.045661433399863074, 1.7166540619884972e-08], [0.09951570809874874, 1.870532678113311e-08, 0.9004842731959245]]}"
original,5,2,4533,1256,21,6,False,300,-5797.767412733053,-1604.5480201394357,-1.2775063854613342,1.2775063854613342,3.587682265327345,True,0.0,0.9031875619502169,0.007829181523714535,0.08898325652606867,"{""initial_prob"": [0.9999992315146187, 2.4970094661536754e-07, 5.187844345810432e-07], ""kappaP"": {""10"": 500.0, ""20"": 0.47896402023905216, ""40"": 0.8174457310148331, ""80"": 1e-06}, ""kappaS"": {""0.06"": 1.1029821247740017, ""0.12"": 3.2696997989539254, ""0.24"": 9.394369460159977}, ""transition_matrix"": [[0.9454111116665163, 0.008738788541964124, 0.045850099791519675], [0.9988750100422364, 0.0011248410167353092, 1.4894102832762854e-07], [0.5041479311085771, 1.775314210034219e-08, 0.4958520511382806]]}"
original,5,3,4506,1283,21,6,True,159,-5653.96758030607,-1749.250388024332,-1.3634063819363462,1.3634063819363462,3.909487854585995,True,0.0,0.8659987744835265,0.04234249593909195,0.09165872957738165,"{""initial_prob"": [0.9999926344000046, 7.290965160540462e-06, 7.463483478718652e-08], ""kappaP"": {""10"": 149.1582003130928, ""20"": 1.321805167708383, ""40"": 0.5236633728695214, ""80"": 1e-06}, ""kappaS"": {""0.06"": 1.1954118726714935, ""0.12"": 3.4462469964215647, ""0.24"": 8.969087983080666}, ""transition_matrix"": [[0.9484856913267716, 0.041265540871474785, 0.010248767801753596], [0.8591689379836486, 0.14083103815009235, 2.3866259059081266e-08], [0.13596874426003883, 1.3715662012415936e-08, 0.8640312420242992]]}"
original,5,4,4266,1523,20,7,False,300,-5420.633920489146,-1978.906092023368,-1.2993474011972213,1.2993474011972213,3.6669028701865423,True,0.0,0.9053843250073285,0.025914415014446936,0.06870125997822464,"{""initial_prob"": [0.9420133614541117, 0.03853731967057862, 0.019449318875309686], ""kappaP"": {""10"": 135.8110300502268, ""20"": 1e-06, ""40"": 1e-06, ""80"": 0.2029595462789943}, ""kappaS"": {""0.06"": 1.159008166781736, ""0.12"": 3.121975417207448, ""0.24"": 9.206450651350032}, ""transition_matrix"": [[0.966102415210671, 0.022666685110301184, 0.011230899679027814], [0.9999994191379185, 4.89935681868615e-07, 9.092639966396333e-08], [0.14952578606568467, 2.382956179436002e-08, 0.8504741901047536]]}"
original,6,1,5621,1932,26,9,True,107,-4893.341403806704,-1979.0013396649956,-1.024327815561592,1.024327815561592,2.7852226478771898,True,0.0,0.7554000519241159,0.20415651335650734,0.04044343471937679,"{""initial_prob"": [0.7296672200133776, 9.629340619726151e-08, 0.2703326836932163], ""kappaP"": {""10"": 10.990445503754492, ""20"": 8.069903621457026, ""40"": 4.561655879466375, ""80"": 1e-06}, ""kappaS"": {""0.06"": 1.200961930623042, ""0.12"": 3.528617128668051, ""0.24"": 13.099465613515623}, ""transition_matrix"": [[0.9681527202842882, 0.009185107359707173, 0.02266217235600468], [0.00709027760893351, 0.99290972161448, 7.765865220877912e-10], [0.4853596506689939, 3.717531223956187e-08, 0.5146403121556938]]}"
original,6,2,5801,1752,27,8,True,168,-5223.857591236971,-1646.2766608847692,-0.9396556283588865,0.9396556283588865,2.559099985106035,True,0.0,0.6063884217184559,0.3557781851446161,0.037833393136928094,"{""initial_prob"": [0.7434086248327774, 7.552894202578641e-08, 0.2565912996382806], ""kappaP"": {""10"": 11.555237245921331, ""20"": 8.043784957432766, ""40"": 4.245713085578844, ""80"": 1e-06}, ""kappaS"": {""0.06"": 1.3259951301011128, ""0.12"": 3.264873687480566, ""0.24"": 13.286978393942267}, ""transition_matrix"": [[0.9789879816948273, 0.00612458882323461, 0.014887429481938176], [0.006308638438243612, 0.9936913607563297, 8.054267052257325e-10], [0.3613445693287793, 0.009768265766064415, 0.6288871649051564]]}"
original,6,3,5621,1932,26,9,True,108,-5292.171053009825,-1581.1029254494545,-0.8183762554086204,0.8183762554086204,2.266816117221308,True,0.0,0.5156420067393965,0.45710497665187505,0.027253016608728437,"{""initial_prob"": [0.633339030303858, 4.8127498564987114e-08, 0.3666609215686434], ""kappaP"": {""10"": 9.819974839031682, ""20"": 7.593155505659008, ""40"": 4.882846474455663, ""80"": 1e-06}, ""kappaS"": {""0.06"": 1.3236035178697474, ""0.12"": 3.4054588114131628, ""0.24"": 13.35270426341481}, ""transition_matrix"": [[0.9786081957917602, 0.007111678831363382, 0.01428012537687638], [0.010302301492252162, 0.9896976975321014, 9.756464644814991e-10], [0.3234221725018806, 0.007682822034859323, 0.6688950054632602]]}"
original,6,4,5616,1937,26,9,True,72,-5178.131847326021,-1695.2439946771344,-0.8751904980263988,0.8751904980263988,2.39933231850593,True,0.0,0.5992652696287872,0.3827208419203362,0.01801388845087662,"{""initial_prob"": [0.6821352380384573, 9.451563138625258e-08, 0.31786466744591124], ""kappaP"": {""10"": 10.722357398961366, ""20"": 8.07829675587797, ""40"": 4.9543859899374505, ""80"": 1e-06}, ""kappaS"": {""0.06"": 1.2528302516689116, ""0.12"": 3.0026754085386114, ""0.24"": 12.590708268640508}, ""transition_matrix"": [[0.984666292802358, 0.003616070532922518, 0.011717636664719583], [0.002328855959125672, 0.9976711430469205, 9.939538676698375e-10], [0.23435928563728803, 0.014730486921714608, 0.7509102274409974]]}"
original,7,1,4078,1719,19,8,False,300,-2877.9878621734556,-873.1812433454091,-0.5079588384790047,0.5079588384790047,1.6618955333633476,True,0.0,0.4974727164943729,0.4793188409820939,0.023208442523533258,"{""initial_prob"": [0.5711581854307518, 0.2816849138445314, 0.14715690072471688], ""kappaP"": {""10"": 27.643491795170576, ""20"": 11.42806000484464, ""40"": 8.948742757713061, ""80"": 1.1917634408782847}, ""kappaS"": {""0.06"": 1.8883958243145367, ""0.12"": 5.992988319953956, ""0.24"": 16.431066570477345}, ""transition_matrix"": [[0.9458382195355256, 0.005445953719649392, 0.04871582674482513], [0.011072162251029846, 0.9883317047922322, 0.0005961329567380723], [0.8966898271224364, 6.485498269435197e-06, 0.10330368737929423]]}"
original,7,2,4487,1310,21,6,True,71,-2824.770448646508,-925.8788341221652,-0.7067777359711185,0.7067777359711185,2.0274477498971493,True,0.0,0.6564887456527487,0.30922602416518913,0.03428523018206218,"{""initial_prob"": [0.5609347564312714, 0.2887720341834457, 0.150293209385283], ""kappaP"": {""10"": 28.107947907305068, ""20"": 12.641391381392761, ""40"": 10.569745479541384, ""80"": 1.2111015926594888}, ""kappaS"": {""0.06"": 1.9822886820907317, ""0.12"": 6.496828336862679, ""0.24"": 17.171370503742125}, ""transition_matrix"": [[0.9475662216843198, 0.012748995077202998, 0.039684783238477274], [0.020786403614530206, 0.9792135902630771, 6.1223927513854635e-09], [0.8222356985818824, 2.270660417203285e-08, 0.17776427871151335]]}"
original,7,3,4304,1493,20,7,True,121,-2610.482612795741,-1142.2134371253712,-0.7650458386640129,0.7650458386640129,2.1490928839440753,True,0.0,0.7038701149703042,0.25973976404123683,0.03639012098845906,"{""initial_prob"": [0.6041018049729061, 0.26430281704042496, 0.13159537798666895], ""kappaP"": {""10"": 30.894534235964194, ""20"": 12.370043577673568, ""40"": 12.44060193568791, ""80"": 1.7144354502889863}, ""kappaS"": {""0.06"": 1.9557943112387308, ""0.12"": 6.47697559454913, ""0.24"": 16.859979980967523}, ""transition_matrix"": [[0.9384347597015258, 0.010276527613152491, 0.051288712685321806], [0.01502813522356982, 0.9849718614496841, 3.3267460325932925e-09], [0.9400802563481014, 2.6212001470072912e-08, 0.059919717439897206]]}"
original,7,4,4522,1275,21,6,True,59,-2918.7862884744695,-835.2966528245404,-0.6551346296663062,0.6551346296663062,1.9254017161185975,True,0.0,0.6248329730081212,0.3420315337525,0.03313549323937872,"{""initial_prob"": [0.48597487752400176, 0.2498305876112149, 0.26419453486478334], ""kappaP"": {""10"": 22.765469311877265, ""20"": 11.29163188589448, ""40"": 10.95236757933754, ""80"": 1.1173558170642872}, ""kappaS"": {""0.06"": 1.891009037862726, ""0.12"": 6.169358663864227, ""0.24"": 16.2680241118278}, ""transition_matrix"": [[0.9534801787402486, 0.005975708695453363, 0.040544112564298025], [0.008464757188251504, 0.9915352380814602, 4.730288415614936e-09], [0.9357024978266051, 9.934310810404804e-08, 0.06429740283028683]]}"
original,8,1,4296,1501,20,7,True,240,-5144.527010255738,-1969.9508026966284,-1.312425584741258,1.312425584741258,3.715174262000239,True,0.0,0.3426113757723336,0.5327796715505618,0.1246089526771045,"{""initial_prob"": [2.1591936897675202e-07, 0.5413925054509167, 0.45860727862971434], ""kappaP"": {""10"": 7.691063250799092, ""20"": 4.549200205957063, ""40"": 3.3717002605044577, ""80"": 2.0569645962842387}, ""kappaS"": {""0.06"": 0.8982513435546517, ""0.12"": 2.5496248878059573, ""0.24"": 9.051208337841542}, ""transition_matrix"": [[0.7716010068203897, 0.007536425397426106, 0.22086256778218413], [0.011842718520432756, 0.9881269628604512, 3.0318619116064456e-05], [0.6787182895267805, 0.010549870352779784, 0.3107318401204398]]}"
original,8,2,4298,1499,20,7,False,300,-5446.262435873717,-1674.1015578403196,-1.1168122467246961,1.1168122467246961,3.055099759907751,True,0.0,0.37864449478562173,0.47250115678020504,0.14885434843417322,"{""initial_prob"": [2.7751593600204033e-07, 0.6842129894556188, 0.3157867330284452], ""kappaP"": {""10"": 6.814416789634071, ""20"": 3.9898886185372002, ""40"": 3.5594482816314703, ""80"": 2.2030058679656115}, ""kappaS"": {""0.06"": 0.8291676669219885, ""0.12"": 2.785366977152074, ""0.24"": 9.594206157381807}, ""transition_matrix"": [[0.7930494738779513, 0.03175552029512494, 0.17519500582692368], [0.028281283507090735, 0.971718714613329, 1.8795801005181384e-09], [0.5124854639176437, 1.2557414594426713e-08, 0.4875145235249417]]}"
original,8,3,4283,1514,20,7,True,291,-5257.423356051037,-1858.563686831595,-1.2275849979072622,1.2275849979072622,3.4129772284808944,True,0.0,0.3940931897908612,0.531409853119098,0.07449695709004073,"{""initial_prob"": [1.4970178622464573e-07, 0.6061732010816003, 0.3938266492166135], ""kappaP"": {""10"": 8.14313390003998, ""20"": 3.846417672822653, ""40"": 3.3608726181240205, ""80"": 2.178640882774156}, ""kappaS"": {""0.06"": 0.6930039944345663, ""0.12"": 1.5071280740602533, ""0.24"": 8.904285883042183}, ""transition_matrix"": [[0.8465969908946765, 0.014269011416674826, 0.1391339976886487], [0.015610535494845834, 0.9843894627142792, 1.7908749453954935e-09], [0.8631061209414818, 3.749845026787436e-08, 0.13689384156006795]]}"
original,8,4,4514,1283,21,6,True,269,-5454.586055092117,-1658.725796904645,-1.2928494130199883,1.2928494130199883,3.643152626658669,True,0.0,0.4721682451983659,0.39029685018422866,0.13753490461740547,"{""initial_prob"": [2.2213347348547462e-07, 0.5677106052022146, 0.4322891726643119], ""kappaP"": {""10"": 7.714036317414391, ""20"": 4.065846275764805, ""40"": 3.3609161027868915, ""80"": 2.1313604850403562}, ""kappaS"": {""0.06"": 0.8099629376885639, ""0.12"": 2.010667821042513, ""0.24"": 8.366441938004913}, ""transition_matrix"": [[0.7318531571850402, 0.014125978389323605, 0.25402086442563615], [0.011329696880522806, 0.9886702986999888, 4.41948842168153e-09], [0.7047024556873718, 1.90414994653815e-08, 0.2952975252711288]]}"
original,9,1,6474,2158,30,10,True,173,-5533.670604791286,-1894.2784011485232,-0.8777935130438013,0.8777935130438013,2.405585952182872,True,0.0,0.6744854197882433,0.2842837875606251,0.0412307926511317,"{""initial_prob"": [0.7958980326413871, 0.20410185549774015, 1.1186087261386084e-07], ""kappaP"": {""10"": 16.838100942520338, ""20"": 14.854398988318438, ""40"": 9.924045453844863, ""80"": 8.731128034305724}, ""kappaS"": {""0.06"": 1.7912012874363963, ""0.12"": 5.733041519228165, ""0.24"": 16.97147293546843}, ""transition_matrix"": [[0.8878743139296819, 0.06782171820042293, 0.044303967869895156], [0.17176996807120445, 0.8264487038905413, 0.001781328038254153], [0.7858570739836912, 2.4348710341647654e-08, 0.21414290166759853]]}"
original,9,2,6474,2158,30,10,True,130,-5621.5329215649845,-1807.2756170417972,-0.8374771163307679,0.8374771163307679,2.3105304179386956,True,0.0,0.6343887945431985,0.33000941665242356,0.03560178880437791,"{""initial_prob"": [0.8453143850784511, 0.1546854926603991, 1.2226114976790424e-07], ""kappaP"": {""10"": 11.60954104797093, ""20"": 9.588185223265274, ""40"": 4.97592172838004, ""80"": 7.399043298536708}, ""kappaS"": {""0.06"": 1.6350684730360214, ""0.12"": 5.085345102805864, ""0.24"": 15.906645646672215}, ""transition_matrix"": [[0.9258953437425942, 0.025971527678277026, 0.048133128579128805], [0.05199038504172938, 0.9468590356659315, 0.0011505792923390747], [0.7885332401921202, 9.339733675336597e-09, 0.21146675046814617]]}"
original,9,3,6474,2158,30,10,False,300,-5540.745350405303,-1888.3075518905612,-0.8750266690873777,0.8750266690873777,2.398939270635017,True,0.0,0.7007769481868025,0.2612017428331677,0.0380213089800299,"{""initial_prob"": [0.7853320446389891, 0.21465774666342843, 1.0208697582466148e-05], ""kappaP"": {""10"": 13.83961123021991, ""20"": 12.835764137223572, ""40"": 9.743298995213143, ""80"": 3.9338821516702924}, ""kappaS"": {""0.06"": 1.7029754895660325, ""0.12"": 5.586282575239856, ""0.24"": 15.74199906507079}, ""transition_matrix"": [[0.8975538678130424, 0.05188137214495307, 0.050564760042004706], [0.1066738076465702, 0.8933261891952708, 3.1581589844531564e-09], [0.8266731796888286, 1.3621437755531444e-08, 0.17332680668973371]]}"
original,9,4,6474,2158,30,10,True,193,-5553.058886998861,-1875.9524503560183,-0.8693014135106665,0.8693014135106665,2.3852439721489547,True,0.0,0.6719985993512213,0.29171022544051345,0.03629117520826531,"{""initial_prob"": [0.9061191012717814, 0.09388063820878867, 2.6051942985621404e-07], ""kappaP"": {""10"": 14.3048085506913, ""20"": 10.15016768094183, ""40"": 4.502085631556658, ""80"": 5.791646616862088}, ""kappaS"": {""0.06"": 1.6493203157938618, ""0.12"": 5.255320761492176, ""0.24"": 16.540452796295632}, ""transition_matrix"": [[0.9114971776362157, 0.04757678524669408, 0.040926037117090065], [0.09343386691321325, 0.9041315152309821, 0.0024346178558046104], [0.895907716183061, 1.9412867958999e-08, 0.10409226440407111]]}"
original,10,1,4965,1079,23,5,False,300,-5361.931660090414,-820.2512683463165,-0.7601958001356037,0.7601958001356037,2.138694936261714,True,0.0,0.3147827469990723,0.5981917232282064,0.08702552977272128,"{""initial_prob"": [0.7391389079063578, 0.09344502778679221, 0.16741606430685], ""kappaP"": {""10"": 14.060477358273095, ""20"": 14.048762035116642, ""40"": 7.0967004871612, ""80"": 0.3498525571255718}, ""kappaS"": {""0.06"": 1.1617621348950227, ""0.12"": 3.028830102100439, ""0.24"": 8.495918008983459}, ""transition_matrix"": [[0.7986406947827758, 0.021094601519221205, 0.18026470369800301], [0.014543483188382148, 0.9645059298131375, 0.020950586998480347], [0.7323951287468122, 0.06052896640747594, 0.207075904845712]]}"
original,10,2,4333,1711,20,8,False,300,-3999.7695287501315,-2188.3995344541136,-1.2790178459696748,1.2790178459696748,3.5931090055064745,True,0.0,0.5981694086323809,0.3472791661073955,0.05455142526022352,"{""initial_prob"": [0.7976625785702368, 0.20233726241835293, 1.5901141016185817e-07], ""kappaP"": {""10"": 19.212546871654958, ""20"": 18.575464120192933, ""40"": 7.8605578768376105, ""80"": 0.5984701911482643}, ""kappaS"": {""0.06"": 0.8897280892337593, ""0.12"": 1.752155358752833, ""0.24"": 7.894929111869537}, ""transition_matrix"": [[0.9478601788895072, 0.0008670950787603053, 0.051272726031732455], [0.0022622434595496784, 0.9610519850424286, 0.03668577149802172], [0.48875802798980933, 0.5112418839933616, 8.801682919528204e-08]]}"
original,10,3,4316,1728,20,8,False,300,-4592.53341587875,-1594.1783616701277,-0.9225569222628054,0.9225569222628054,2.5157146600777662,True,0.0,0.3812283112054555,0.5250132259191795,0.09375846287536495,"{""initial_prob"": [0.760845595229529, 2.6074910415914365e-07, 0.23915414402136687], ""kappaP"": {""10"": 24.407580684002617, ""20"": 16.420680864216912, ""40"": 7.184673140876945, ""80"": 0.2600851366434401}, ""kappaS"": {""0.06"": 1.2412391636564188, ""0.12"": 2.725366923927113, ""0.24"": 7.927154653337878}, ""transition_matrix"": [[0.782908493290768, 0.017713054019863478, 0.1993784526893685], [0.014061375105114125, 0.9612254965182885, 0.024713128376597473], [0.783997276479799, 0.07060716570630247, 0.14539555781389854]]}"
original,10,4,4518,1526,21,7,True,209,-4522.618302233297,-1653.1141226194338,-1.0832989007991047,1.0832989007991047,2.9544097975242347,True,0.0,0.5260572401431655,0.3402871308144327,0.13365562904240183,"{""initial_prob"": [0.8547090607879274, 0.07346522192988121, 0.07182571728219135], ""kappaP"": {""10"": 18.61300733792014, ""20"": 16.322863989376646, ""40"": 7.79495432931378, ""80"": 0.3894880694167064}, ""kappaS"": {""0.06"": 1.2076632324238168, ""0.12"": 3.1398937694685256, ""0.24"": 8.844005713576426}, ""transition_matrix"": [[0.7407668774035306, 0.048004308781098876, 0.21122881381537054], [0.03528640154714146, 0.9623310379977483, 0.0023825604551101207], [0.7785953172806428, 3.249748613379257e-06, 0.22140143297074388]]}"
original,11,1,4744,1730,22,8,True,190,-3993.3366793401847,-1341.5848297395012,-0.7754825605430643,0.7754825605430643,2.171639822066882,True,0.0,0.6743699480812946,0.30644103879897483,0.019189013119730616,"{""initial_prob"": [0.5179400075721244, 0.056924282274524604, 0.425135710153351], ""kappaP"": {""10"": 18.76749973550645, ""20"": 13.821436221613734, ""40"": 11.321539805694488, ""80"": 1e-06}, ""kappaS"": {""0.06"": 1.3389624518000813, ""0.12"": 3.6274422436643454, ""0.24"": 15.169091238492776}, ""transition_matrix"": [[0.9665099316388229, 0.011348022227210612, 0.02214204613396644], [0.026330652504750716, 0.9692332006461715, 0.004436146849077704], [0.7643202967763589, 0.1340747037174743, 0.10160499950616679]]}"
original,11,2,4763,1711,22,8,True,75,-3906.7873410043326,-1448.1406897388295,-0.8463709466620862,0.8463709466620862,2.331171536695659,True,0.0,0.7233344098208216,0.2511810001581993,0.025484590020979057,"{""initial_prob"": [0.5282217358600737, 0.06935137277343967, 0.4024268913664867], ""kappaP"": {""10"": 19.081804967284242, ""20"": 14.788912440649426, ""40"": 0.30682965242985494, ""80"": 1e-06}, ""kappaS"": {""0.06"": 1.542295122926265, ""0.12"": 4.016557146601499, ""0.24"": 15.865368696841323}, ""transition_matrix"": [[0.9580453770912573, 0.009605850637573137, 0.03234877227116944], [0.02666815131632867, 0.9692493980551531, 0.004082450628518356], [0.8313010184394688, 0.11984656215638789, 0.048852419404143255]]}"
original,11,3,5169,1305,24,6,True,113,-4232.562112701575,-1043.4502505109385,-0.7995787360237077,0.7995787360237077,2.2246035857197635,True,0.0,0.692971820072268,0.28335531941084074,0.02367286051689128,"{""initial_prob"": [0.5187525966664954, 0.17086736914769068, 0.3103800341858139], ""kappaP"": {""10"": 21.709600141491936, ""20"": 16.03413990767287, ""40"": 12.606988239026457, ""80"": 29.061360930826908}, ""kappaS"": {""0.06"": 1.467613866102315, ""0.12"": 3.7099824975919216, ""0.24"": 15.749507906595396}, ""transition_matrix"": [[0.9275981881734099, 0.04011251941982915, 0.03228929240676086], [0.08341621609312604, 0.9165837468627055, 3.7044168402807145e-08], [0.8454704516305437, 0.03923357440641343, 0.1152959739630429]]}"
original,11,4,4746,1728,22,8,True,221,-3696.7599746418464,-1611.2814467578432,-0.932454540947826,0.932454540947826,2.5407378753465655,True,0.0,0.6754300018387464,0.28965099452160487,0.03491900363964881,"{""initial_prob"": [0.6607929789733673, 0.06349140552238736, 0.2757156155042453], ""kappaP"": {""10"": 23.699693871606204, ""20"": 16.119519733931682, ""40"": 15.122313938472137, ""80"": 28.60867158550662}, ""kappaS"": {""0.06"": 1.7804892154112348, ""0.12"": 4.277939223467445, ""0.24"": 16.59426512692352}, ""transition_matrix"": [[0.9152331540595303, 0.05380918727101845, 0.030957658669451285], [0.11346514811861362, 0.8839892971884621, 0.0025455546929243505], [0.9469226546924323, 0.044676527675273504, 0.008400817632294076]]}"
original,12,1,4746,1728,22,8,True,104,-4697.313662669181,-1436.5131553743781,-0.8313154834342465,0.8313154834342465,2.2963375482370507,True,0.0,0.30776615681022484,0.6161267376302086,0.07610710555956653,"{""initial_prob"": [0.3046401348222502, 0.4326055272445, 0.26275433793324976], ""kappaP"": {""10"": 15.889630996595173, ""20"": 9.62652943346007, ""40"": 8.076859293866265, ""80"": 4.511120478176486}, ""kappaS"": {""0.06"": 1.1961318005810175, ""0.12"": 3.357201802703733, ""0.24"": 8.821318234094887}, ""transition_matrix"": [[0.8586424306517385, 0.0331584783571234, 0.10819909099113822], [0.03841579142160137, 0.9604652550606236, 0.001118953517774984], [0.5416952283533588, 9.995898664529337e-09, 0.4583047616507426]]}"
original,12,2,4965,1509,23,7,True,89,-4467.690217496268,-1660.767687098045,-1.1005750080172598,1.1005750080172598,3.005893940230631,True,0.0,0.5200160314955447,0.3566243584022964,0.12335961010215896,"{""initial_prob"": [0.1183392055898414, 0.49582090485902025, 0.3858398895511383], ""kappaP"": {""10"": 17.813273774559583, ""20"": 11.676031492851264, ""40"": 8.729734628619951, ""80"": 7.158448774465048}, ""kappaS"": {""0.06"": 1.2117862513429045, ""0.12"": 3.332550942209252, ""0.24"": 7.569529626740499}, ""transition_matrix"": [[0.8468150090024107, 0.05210241920707114, 0.10108257179051809], [0.047556629623040435, 0.9495617564227764, 0.0028816139541831165], [0.5452871105982938, 0.01867177200643062, 0.43604111739527557]]}"
original,12,3,4542,1932,21,9,True,84,-4342.186787342093,-1796.2520729124485,-0.9297370977807704,0.9297370977807704,2.533842937112292,True,0.0,0.45060509321675885,0.4538180686137553,0.09557683816948585,"{""initial_prob"": [0.16911260924125898, 0.4857243151835906, 0.3451630755751504], ""kappaP"": {""10"": 18.471303542110906, ""20"": 10.839789746683262, ""40"": 6.381095196610783, ""80"": 13.008878089917463}, ""kappaS"": {""0.06"": 1.1675480437759904, ""0.12"": 3.313836871293977, ""0.24"": 7.6772972731421385}, ""transition_matrix"": [[0.8273941372438491, 0.03141836464320797, 0.14118749811294287], [0.033016149096296854, 0.9617243454816449, 0.005259505422058284], [0.5708184934941509, 0.030977481950649956, 0.3982040245551991]]}"
original,12,4,5169,1305,24,6,True,121,-4833.936484297066,-1293.3398058732896,-0.991064985343517,0.991064985343517,2.6941021243509184,True,0.0,0.5303810070277009,0.35713664894652136,0.11248234402577782,"{""initial_prob"": [0.18997848794470065, 0.5010973596962905, 0.30892415235900883], ""kappaP"": {""10"": 15.390510423245935, ""20"": 11.553835366585416, ""40"": 7.026937641075473, ""80"": 6.5456595195346505}, ""kappaS"": {""0.06"": 1.2101835767721782, ""0.12"": 3.48081561928058, ""0.24"": 8.285488130851554}, ""transition_matrix"": [[0.8180492036687063, 0.05541262429877037, 0.12653817203252327], [0.042997362755922384, 0.9528948182474499, 0.004107818996627817], [0.5107499493703961, 0.008827678921371623, 0.48042237170823227]]}"
shuffled,1,1,6413,2149,30,10,True,89,-2922.4576275448057,-1096.0429523503033,-0.5100246404608205,0.5100246404608205,1.665332228993877,True,0.0,0.7362227650104933,0.25965354436832916,0.004123690621177575,"{""initial_prob"": [0.7499756893965704, 0.20559133872189722, 0.04443297188153232], ""kappaP"": {""10"": 144.77207650693555, ""20"": 36.22595233506196, ""40"": 19.94402074846467, ""80"": 1.0905317354993094}, ""kappaS"": {""0.06"": 6.18113976539857, ""0.12"": 12.384256537884882, ""0.24"": 30.378190976188797}, ""transition_matrix"": [[0.7540320970612916, 0.2420732347886515, 0.0038946681500567674], [0.6518783018215077, 0.34471784572788067, 0.003403852450611662], [0.9999989944562647, 9.0537261990729e-07, 1.0017111537057613e-07]]}"
shuffled,1,2,6413,2149,30,10,True,128,-3099.615685336214,-919.9237208837468,-0.4280706006904359,0.4280706006904359,1.5342943993877858,True,0.0,0.7384989456785799,0.2576232758376223,0.0038777784837978296,"{""initial_prob"": [0.8149498394216212, 0.141129325836338, 0.04392083474204082], ""kappaP"": {""10"": 143.38958548290105, ""20"": 36.521609075453604, ""40"": 18.406791224062673, ""80"": 1.2723131856701244}, ""kappaS"": {""0.06"": 5.82423726303839, ""0.12"": 12.225602763486242, ""0.24"": 30.339005515136616}, ""transition_matrix"": [[0.7474076319724409, 0.24801377443908523, 0.0045785935884740895], [0.6527321649225524, 0.34330894640612697, 0.003958888671320733], [0.9761747003005404, 2.1760524532897145e-06, 0.023823123647006356]]}"
shuffled,1,3,6418,2144,30,10,True,91,-2943.7271165592047,-1094.399227319646,-0.5104474008020736,0.5104474008020736,1.666036414255619,True,0.0,0.7242113198858056,0.2729187414334596,0.0028699386807348216,"{""initial_prob"": [0.8759976333961531, 0.12400231431176822, 5.229207872900348e-08], ""kappaP"": {""10"": 122.89841351664309, ""20"": 52.48734828635739, ""40"": 5.360992186723773, ""80"": 1.1962489657997133}, ""kappaS"": {""0.06"": 6.618904736902722, ""0.12"": 13.7413791586216, ""0.24"": 31.245702069536154}, ""transition_matrix"": [[0.7408514627213182, 0.2559027835767785, 0.0032457537019034027], [0.689097624342419, 0.3085763951438195, 0.0023259805137616284], [0.9999940884816788, 5.7815105155208666e-06, 1.3000780573950896e-07]]}"
shuffled,1,4,6442,2120,30,10,True,136,-3051.7010976621104,-967.6438211392352,-0.4564357646883185,0.4564357646883185,1.5784380224756587,True,0.0,0.7295548062433892,0.2663829524372439,0.004062241319366936,"{""initial_prob"": [0.7749794916665298, 0.17847804486772476, 0.046542463465745455], ""kappaP"": {""10"": 120.82962473169145, ""20"": 47.22819442639153, ""40"": 18.202340951312113, ""80"": 1.066701503858951}, ""kappaS"": {""0.06"": 6.078175313575827, ""0.12"": 12.454548157699545, ""0.24"": 28.7413775180611}, ""transition_matrix"": [[0.7599896663720972, 0.23744296942431029, 0.002567364203592548], [0.6733875977355277, 0.32368619278245936, 0.00292620948201309], [0.597749061217526, 0.3014877003934416, 0.10076323838903228]]}"
shuffled,2,1,6175,1702,29,8,True,192,-3622.410668996902,-1024.006107273015,-0.601648711676272,0.601648711676272,1.8251254267812222,True,0.0,0.2826094397337333,0.7127502974755023,0.004640262790764444,"{""initial_prob"": [0.30537604802220997, 0.6508331116327872, 0.043790840345002774], ""kappaP"": {""10"": 73.54135925827573, ""20"": 35.967588596522475, ""40"": 8.710259065875773, ""80"": 1.8919377554580055}, ""kappaS"": {""0.06"": 3.7664834779984817, ""0.12"": 6.767370926445553, ""0.24"": 18.871602320458546}, ""transition_matrix"": [[0.3348894117004284, 0.6561600861264266, 0.008950502173144973], [0.2620556127668275, 0.735963317635775, 0.0019810695973972643], [0.5406336455456453, 7.059961491995637e-06, 0.4593592944928626]]}"
shuffled,2,2,5747,2130,27,10,True,95,-3216.557094318782,-1434.6039938243148,-0.673523001795453,0.673523001795453,1.961134244028576,True,0.0,0.2787778187388752,0.7181480802655251,0.0030741009955996615,"{""initial_prob"": [0.02564360787725983, 0.9379811048376009, 0.03637528728513932], ""kappaP"": {""10"": 75.3893486726719, ""20"": 29.397626737672084, ""40"": 7.236489995643903, ""80"": 1.9121722279609397}, ""kappaS"": {""0.06"": 4.014970812462987, ""0.12"": 7.937610156062019, ""0.24"": 19.055957037706566}, ""transition_matrix"": [[0.31238520873203407, 0.6802794988695414, 0.007335292398424504], [0.24250112783944217, 0.757087880681802, 0.0004109914787558314], [0.9999992636605695, 3.848069821076099e-07, 3.5153244851282144e-07]]}"
