model_name,data_version,subject_id,fold_id,n_train_trials,n_test_trials,n_train_blocks,n_test_blocks,train_converged,train_iterations,train_final_log_likelihood,test_total_log_likelihood,test_ll_per_trial,test_perplexity,monotonic,maximum_drop,runtime_seconds,parameter_json
exchangeable_block_mixture,original,1,1,6413,2149,30,10,True,67,-2768.3423291272925,-1069.0468635957604,-0.4974624772432575,1.6445429065453134,True,0.0,0.761111300002085,"{""class_weights"": [[0.8401328515731352, 0.1471488160093039, 0.012718332417560773], [0.31656298671835376, 0.6821863840555267, 0.0012506292261194852], [0.6198042343037213, 0.3801957641660413, 1.5302372948572118e-09]], ""kappaP"": {""10"": 68.37749283303148, ""20"": 32.83095202327471, ""40"": 29.237728436262216, ""80"": 1.0653962386802094}, ""kappaS"": {""0.06"": 4.717883430717287, ""0.12"": 11.046183607493449, ""0.24"": 28.268877859434294}, ""rho"": [0.599711906890948, 0.23289283113201084, 0.16739526197704116], ""weights"": [0.6, 0.35, 0.05]}"
exchangeable_block_mixture,shuffled,1,1,6413,2149,30,10,True,67,-2768.3423291272925,-1069.0468635957604,-0.4974624772432575,1.6445429065453134,True,0.0,0.7722619000123814,"{""class_weights"": [[0.8401328515731352, 0.1471488160093039, 0.012718332417560773], [0.31656298671835376, 0.6821863840555267, 0.0012506292261194852], [0.6198042343037213, 0.3801957641660413, 1.5302372948572118e-09]], ""kappaP"": {""10"": 68.37749283303148, ""20"": 32.83095202327471, ""40"": 29.237728436262216, ""80"": 1.0653962386802094}, ""kappaS"": {""0.06"": 4.717883430717287, ""0.12"": 11.046183607493449, ""0.24"": 28.268877859434294}, ""rho"": [0.599711906890948, 0.23289283113201084, 0.16739526197704116], ""weights"": [0.6, 0.35, 0.05]}"
exchangeable_block_mixture,original,1,2,6413,2149,30,10,True,74,-2968.869454610688,-868.1137934012166,-0.4039617465803707,1.4977466519311058,True,0.0,0.8107912000268698,"{""class_weights"": [[0.8236474657663149, 0.16388110624350694, 0.01247142799017824], [0.28679267975492967, 0.711212409018929, 0.001994911226141342], [0.6663535404820387, 0.3336464581840067, 1.333954654628485e-09]], ""kappaP"": {""10"": 70.47502618419543, ""20"": 42.90802140909136, ""40"": 25.64097641366939, ""80"": 1.2981964957480094}, ""kappaS"": {""0.06"": 4.853369347195871, ""0.12"": 11.271071654949417, ""0.24"": 28.968282256893076}, ""rho"": [0.5841785335687261, 0.1666690404595019, 0.24915242597177203], ""weights"": [0.6, 0.35, 0.05]}"
exchangeable_block_mixture,shuffled,1,2,6413,2149,30,10,True,74,-2968.869454610688,-868.1137934012168,-0.4039617465803707,1.4977466519311058,True,0.0,0.8219652000116184,"{""class_weights"": [[0.8236474657663149, 0.16388110624350694, 0.01247142799017824], [0.28679267975492967, 0.711212409018929, 0.001994911226141342], [0.6663535404820387, 0.3336464581840067, 1.333954654628485e-09]], ""kappaP"": {""10"": 70.47502618419543, ""20"": 42.90802140909136, ""40"": 25.64097641366939, ""80"": 1.2981964957480094}, ""kappaS"": {""0.06"": 4.853369347195871, ""0.12"": 11.271071654949417, ""0.24"": 28.968282256893076}, ""rho"": [0.5841785335687261, 0.1666690404595019, 0.24915242597177203], ""weights"": [0.6, 0.35, 0.05]}"
exchangeable_block_mixture,original,1,3,6418,2144,30,10,True,109,-2836.3252408914664,-1006.6054874905528,-0.4694988281205937,1.599192522024815,True,0.0,1.1600856000150088,"{""class_weights"": [[0.8291173482529287, 0.15871775773983807, 0.012164894007233263], [0.3426104509512614, 0.6562081106886327, 0.0011814383601057097], [0.6776562054247326, 0.3223437930992196, 1.476047603740852e-09]], ""kappaP"": {""10"": 68.75669334625717, ""20"": 41.697492883504026, ""40"": 13.361569779346363, ""80"": 1.2567432152735691}, ""kappaS"": {""0.06"": 5.285012189334186, ""0.12"": 12.174799376427405, ""0.24"": 29.613675741408688}, ""rho"": [0.5759870879334239, 0.1996662903356401, 0.22434662173093606], ""weights"": [0.6, 0.35, 0.05]}"
exchangeable_block_mixture,shuffled,1,3,6418,2144,30,10,True,109,-2836.3252408914664,-1006.6054874905528,-0.4694988281205936,1.599192522024815,True,0.0,1.1709614999999758,"{""class_weights"": [[0.8291173482529287, 0.15871775773983807, 0.012164894007233263], [0.3426104509512614, 0.6562081106886327, 0.0011814383601057097], [0.6776562054247326, 0.3223437930992196, 1.476047603740852e-09]], ""kappaP"": {""10"": 68.75669334625717, ""20"": 41.697492883504026, ""40"": 13.361569779346363, ""80"": 1.2567432152735691}, ""kappaS"": {""0.06"": 5.285012189334186, ""0.12"": 12.174799376427405, ""0.24"": 29.613675741408688}, ""rho"": [0.5759870879334239, 0.1996662903356401, 0.22434662173093606], ""weights"": [0.6, 0.35, 0.05]}"
exchangeable_block_mixture,original,1,4,6442,2120,30,10,True,84,-2908.796238435252,-929.4849714975194,-0.4384363073101506,1.5502811588844625,True,0.0,0.9615617000090424,"{""class_weights"": [[0.8430113364821351, 0.1493379519950843, 0.007650711522780483], [0.24588821046129622, 0.7512681343130165, 0.002843655225687053], [0.6346452682904655, 0.3653547304686428, 1.2408915698543809e-09]], ""kappaP"": {""10"": 52.21346175973697, ""20"": 51.47585155353022, ""40"": 27.18252758675721, ""80"": 1.0915927515471058}, ""kappaS"": {""0.06"": 4.9108724024167305, ""0.12"": 11.27976541902839, ""0.24"": 27.388803996481197}, ""rho"": [0.5993308576033279, 0.166676038459128, 0.2339931039375441], ""weights"": [0.6, 0.35, 0.05]}"
exchangeable_block_mixture,shuffled,1,4,6442,2120,30,10,True,84,-2908.796238435252,-929.4849714975194,-0.4384363073101506,1.5502811588844625,True,0.0,0.972624399990309,"{""class_weights"": [[0.8430113364821351, 0.1493379519950843, 0.007650711522780483], [0.24588821046129622, 0.7512681343130165, 0.002843655225687053], [0.6346452682904655, 0.3653547304686428, 1.2408915698543809e-09]], ""kappaP"": {""10"": 52.21346175973697, ""20"": 51.47585155353022, ""40"": 27.18252758675721, ""80"": 1.0915927515471058}, ""kappaS"": {""0.06"": 4.9108724024167305, ""0.12"": 11.27976541902839, ""0.24"": 27.388803996481197}, ""rho"": [0.5993308576033279, 0.166676038459128, 0.2339931039375441], ""weights"": [0.6, 0.35, 0.05]}"
exchangeable_block_mixture,original,2,1,6175,1702,29,8,True,70,-3521.933742149389,-977.2291151252869,-0.5741651675236703,1.7756475397445493,True,0.0,0.7165188000071794,"{""class_weights"": [[0.410936650573804, 0.38981942037828277, 0.19924392904791316], [0.12365326316448992, 0.8763467359158679, 9.196422503865108e-10], [0.3586941559387851, 0.6234131444674622, 0.01789269959375261]], ""kappaP"": {""10"": 64.41961983793165, ""20"": 32.66938161493836, ""40"": 13.83073376798521, ""80"": 2.9832593532846503}, ""kappaS"": {""0.06"": 2.952164041062466, ""0.12"": 5.701381735296995, ""0.24"": 16.665852963303852}, ""rho"": [0.17270610381643323, 0.30799235510800527, 0.5193015410755615], ""weights"": [0.6, 0.35, 0.05]}"
exchangeable_block_mixture,shuffled,2,1,6175,1702,29,8,True,70,-3521.933742149389,-977.2291151252872,-0.5741651675236704,1.7756475397445497,True,0.0,0.7254481000127271,"{""class_weights"": [[0.410936650573804, 0.38981942037828277, 0.19924392904791316], [0.12365326316448992, 0.8763467359158679, 9.196422503865108e-10], [0.3586941559387851, 0.6234131444674622, 0.01789269959375261]], ""kappaP"": {""10"": 64.41961983793165, ""20"": 32.66938161493836, ""40"": 13.83073376798521, ""80"": 2.9832593532846503}, ""kappaS"": {""0.06"": 2.952164041062466, ""0.12"": 5.701381735296995, ""0.24"": 16.665852963303852}, ""rho"": [0.17270610381643323, 0.30799235510800527, 0.5193015410755615], ""weights"": [0.6, 0.35, 0.05]}"
exchangeable_block_mixture,original,2,2,5747,2130,27,10,True,85,-2894.681972537973,-1343.7967822033677,-0.6308905080766983,1.879283351348055,True,0.0,0.8104168999998365,"{""class_weights"": [[0.40234534526823323, 0.403815042002622, 0.19383961272914468], [0.04886717123246336, 0.9511328281337024, 6.338343119791949e-10], [0.42364712015178396, 0.5564153590580228, 0.01993752079019321]], ""kappaP"": {""10"": 58.201097188031675, ""20"": 17.07922111183576, ""40"": 18.135184764625386, ""80"": 21.805668972603268}, ""kappaS"": {""0.06"": 1.9380685076146786, ""0.12"": 4.670842262036649, ""0.24"": 13.022921727687542}, ""rho"": [0.3355018991069771, 0.4073456737751348, 0.25715242711788816], ""weights"": [0.6, 0.35, 0.05]}"
exchangeable_block_mixture,shuffled,2,2,5747,2130,27,10,True,85,-2894.681972537973,-1343.7967822033677,-0.6308905080766983,1.879283351348055,True,0.0,0.8206239999854006,"{""class_weights"": [[0.40234534526823323, 0.403815042002622, 0.19383961272914468], [0.04886717123246336, 0.9511328281337024, 6.338343119791949e-10], [0.42364712015178396, 0.5564153590580228, 0.01993752079019321]], ""kappaP"": {""10"": 58.201097188031675, ""20"": 17.07922111183576, ""40"": 18.135184764625386, ""80"": 21.805668972603268}, ""kappaS"": {""0.06"": 1.9380685076146786, ""0.12"": 4.670842262036649, ""0.24"": 13.022921727687542}, ""rho"": [0.3355018991069771, 0.4073456737751348, 0.25715242711788816], ""weights"": [0.6, 0.35, 0.05]}"
exchangeable_block_mixture,original,2,3,5747,2130,27,10,True,93,-3077.5994728767264,-1154.457467150906,-0.54199881086897,1.7194402655711165,True,0.0,0.888365499995416,"{""class_weights"": [[0.36204826879467156, 0.4270401481004775, 0.21091158310485092], [0.08390022557272644, 0.9160997736235515, 8.037220744028592e-10], [0.399590660175965, 0.5758067008247288, 0.02460263899930608]], ""kappaP"": {""10"": 66.56526891966149, ""20"": 21.05074417716778, ""40"": 20.700300274618154, ""80"": 19.669420353574594}, ""kappaS"": {""0.06"": 2.2295200091328584, ""0.12"": 5.076039191203284, ""0.24"": 12.66862105237573}, ""rho"": [0.3343026104464345, 0.333314696350916, 0.3323826932026494], ""weights"": [0.6, 0.35, 0.05]}"
exchangeable_block_mixture,shuffled,2,3,5747,2130,27,10,True,93,-3077.5994728767264,-1154.4574671509065,-0.5419988108689701,1.7194402655711165,True,0.0,0.8986017999995966,"{""class_weights"": [[0.36204826879467156, 0.4270401481004775, 0.21091158310485092], [0.08390022557272644, 0.9160997736235515, 8.037220744028592e-10], [0.399590660175965, 0.5758067008247288, 0.02460263899930608]], ""kappaP"": {""10"": 66.56526891966149, ""20"": 21.05074417716778, ""40"": 20.700300274618154, ""80"": 19.669420353574594}, ""kappaS"": {""0.06"": 2.2295200091328584, ""0.12"": 5.076039191203284, ""0.24"": 12.66862105237573}, ""rho"": [0.3343026104464345, 0.333314696350916, 0.3323826932026494], ""weights"": [0.6, 0.35, 0.05]}"
exchangeable_block_mixture,original,2,4,5962,1915,28,9,True,75,-3339.660712965077,-888.4747863228736,-0.4639555019962786,1.5903522013673348,True,0.0,0.7789606000005733,"{""class_weights"": [[0.35310323027289425, 0.43920973163176097, 0.2076870380953447], [0.1199707155290558, 0.8800292835979492, 8.7299498095775e-10], [0.36112561418711203, 0.6307524377650081, 0.00812194804787987]], ""kappaP"": {""10"": 60.756552827714415, ""20"": 26.272293086900042, ""40"": 10.17678281710571, ""80"": 21.11530416347156}, ""kappaS"": {""0.06"": 2.9578988582164327, ""0.12"": 5.94054550263036, ""0.24"": 13.802318585198783}, ""rho"": [0.39285228019641233, 0.28414793621290957, 0.32299978359067794], ""weights"": [0.6, 0.35, 0.05]}"
exchangeable_block_mixture,shuffled,2,4,5962,1915,28,9,True,75,-3339.660712965077,-888.4747863228737,-0.4639555019962786,1.590352201367335,True,0.0,0.7881723000027705,"{""class_weights"": [[0.35310323027289425, 0.43920973163176097, 0.2076870380953447], [0.1199707155290558, 0.8800292835979492, 8.7299498095775e-10], [0.36112561418711203, 0.6307524377650081, 0.00812194804787987]], ""kappaP"": {""10"": 60.756552827714415, ""20"": 26.272293086900042, ""40"": 10.17678281710571, ""80"": 21.11530416347156}, ""kappaS"": {""0.06"": 2.9578988582164327, ""0.12"": 5.94054550263036, ""0.24"": 13.802318585198783}, ""rho"": [0.39285228019641233, 0.28414793621290957, 0.32299978359067794], ""weights"": [0.6, 0.35, 0.05]}"
exchangeable_block_mixture,original,3,1,6842,2570,32,12,True,102,-2935.4715714739486,-1019.5502905441788,-0.396712175309019,1.4869278938930033,True,0.0,1.2255620999785606,"{""class_weights"": [[0.8323455979693587, 0.11307287050833643, 0.05458153152230475], [0.09411534865472404, 0.9058846503234596, 1.0218162806280843e-09], [0.6177690773112151, 0.38223081432022643, 1.0836855852561016e-07]], ""kappaP"": {""10"": 31.818537662552878, ""20"": 50.782304252708094, ""40"": 30.72538023112052, ""80"": 50.02027766336533}, ""kappaS"": {""0.06"": 3.257020058404329, ""0.12"": 10.641807536821213, ""0.24"": 28.8553330177123}, ""rho"": [0.4683472215157085, 0.18750001391636428, 0.34415276456792726], ""weights"": [0.6, 0.35, 0.05]}"
exchangeable_block_mixture,shuffled,3,1,6842,2570,32,12,True,102,-2935.4715714739486,-1019.5502905441788,-0.3967121753090189,1.4869278938930033,True,0.0,1.2384398999856785,"{""class_weights"": [[0.8323455979693587, 0.11307287050833643, 0.05458153152230475], [0.09411534865472404, 0.9058846503234596, 1.0218162806280843e-09], [0.6177690773112151, 0.38223081432022643, 1.0836855852561016e-07]], ""kappaP"": {""10"": 31.818537662552878, ""20"": 50.782304252708094, ""40"": 30.72538023112052, ""80"": 50.02027766336533}, ""kappaS"": {""0.06"": 3.257020058404329, ""0.12"": 10.641807536821213, ""0.24"": 28.8553330177123}, ""rho"": [0.4683472215157085, 0.18750001391636428, 0.34415276456792726], ""weights"": [0.6, 0.35, 0.05]}"
exchangeable_block_mixture,original,3,2,7048,2364,33,11,True,90,-3066.060544922243,-965.3573809873336,-0.4083576061706149,1.504345028056888,True,0.0,1.0456858999968972,"{""class_weights"": [[0.8340071597120828, 0.13479924072093302, 0.03119359956698411], [0.21583025013151702, 0.7841697493760016, 4.924813218071245e-10], [0.3333333333333623, 0.3333333333333126, 0.3333333333333251]], ""kappaP"": {""10"": 35.95743032864175, ""20"": 17.47087878042027, ""40"": 46.13558054534465, ""80"": 55.67091890522863}, ""kappaS"": {""0.06"": 2.758549507609564, ""0.12"": 10.541139131389453, ""0.24"": 27.313552239470262}, ""rho"": [0.6061155914959896, 0.39388437820098293, 3.030302754820967e-08], ""weights"": [0.6, 0.35, 0.05]}"
exchangeable_block_mixture,shuffled,3,2,7048,2364,33,11,True,90,-3066.060544922243,-965.3573809873336,-0.4083576061706149,1.504345028056888,True,0.0,1.057018399995286,"{""class_weights"": [[0.8340071597120828, 0.13479924072093302, 0.03119359956698411], [0.21583025013151702, 0.7841697493760016, 4.924813218071245e-10], [0.3333333333333623, 0.3333333333333126, 0.3333333333333251]], ""kappaP"": {""10"": 35.95743032864175, ""20"": 17.47087878042027, ""40"": 46.13558054534465, ""80"": 55.67091890522863}, ""kappaS"": {""0.06"": 2.758549507609564, ""0.12"": 10.541139131389453, ""0.24"": 27.313552239470262}, ""rho"": [0.6061155914959896, 0.39388437820098293, 3.030302754820967e-08], ""weights"": [0.6, 0.35, 0.05]}"
exchangeable_block_mixture,original,3,3,7075,2337,33,11,True,77,-2831.580789173944,-1111.8096147472895,-0.4757422399432134,1.6092081729057195,True,0.0,0.9317074999853504,"{""class_weights"": [[0.8585038671301519, 0.081182786096689, 0.06031334677315902], [0.1834191013937851, 0.8165808978272454, 7.789694684394683e-10], [0.6790225423650618, 0.317830473070677, 0.0031469845642612283]], ""kappaP"": {""10"": 35.694432899216615, ""20"": 32.65221257123231, ""40"": 38.23694208114978, ""80"": 55.90680064726782}, ""kappaS"": {""0.06"": 3.346981311258766, ""0.12"": 10.486533868034815, ""0.24"": 29.178638055285692}, ""rho"": [0.3694041188406034, 0.2727258501067543, 0.35787003105264215], ""weights"": [0.6, 0.35, 0.05]}"
exchangeable_block_mixture,shuffled,3,3,7075,2337,33,11,True,77,-2831.580789173944,-1111.8096147472895,-0.4757422399432134,1.6092081729057195,True,0.0,0.943751999991946,"{""class_weights"": [[0.8585038671301519, 0.081182786096689, 0.06031334677315902], [0.1834191013937851, 0.8165808978272454, 7.789694684394683e-10], [0.6790225423650618, 0.317830473070677, 0.0031469845642612283]], ""kappaP"": {""10"": 35.694432899216615, ""20"": 32.65221257123231, ""40"": 38.23694208114978, ""80"": 55.90680064726782}, ""kappaS"": {""0.06"": 3.346981311258766, ""0.12"": 10.486533868034815, ""0.24"": 29.178638055285692}, ""rho"": [0.3694041188406034, 0.2727258501067543, 0.35787003105264215], ""weights"": [0.6, 0.35, 0.05]}"
exchangeable_block_mixture,original,3,4,7271,2141,34,10,True,112,-3042.719299703341,-902.8538839434284,-0.4216972834859545,1.52454694928557,True,0.0,1.3398950999835506,"{""class_weights"": [[0.8362569356490396, 0.09986077703240537, 0.06388228731855496], [0.14356681438628546, 0.8564331849501002, 6.636143525193611e-10], [0.6651343650647368, 0.33351382664379386, 0.001351808291469468]], ""kappaP"": {""10"": 32.32680156465929, ""20"": 25.071490918633135, ""40"": 42.800629412076134, ""80"": 60.79229106007558}, ""kappaS"": {""0.06"": 3.352102252506345, ""0.12"": 11.24052146791248, ""0.24"": 28.88559886294695}, ""rho"": [0.46234169641102496, 0.26470589434820296, 0.27295240924077213], ""weights"": [0.6, 0.35, 0.05]}"
exchangeable_block_mixture,shuffled,3,4,7271,2141,34,10,True,112,-3042.719299703341,-902.8538839434284,-0.4216972834859545,1.52454694928557,True,0.0,1.3497471000009682,"{""class_weights"": [[0.8362569356490396, 0.09986077703240537, 0.06388228731855496], [0.14356681438628546, 0.8564331849501002, 6.636143525193611e-10], [0.6651343650647368, 0.33351382664379386, 0.001351808291469468]], ""kappaP"": {""10"": 32.32680156465929, ""20"": 25.071490918633135, ""40"": 42.800629412076134, ""80"": 60.79229106007558}, ""kappaS"": {""0.06"": 3.352102252506345, ""0.12"": 11.24052146791248, ""0.24"": 28.88559886294695}, ""rho"": [0.46234169641102496, 0.26470589434820296, 0.27295240924077213], ""weights"": [0.6, 0.35, 0.05]}"
exchangeable_block_mixture,original,4,1,3304,1495,16,7,True,159,-2302.721706255913,-1318.2956177520343,-0.8818030887973474,2.41525069409915,True,0.0,0.9489982999803032,"{""class_weights"": [[0.7913878548252906, 0.18360734478874974, 0.025004800385959612], [0.04227293959141359, 0.957727058421535, 1.9870512985759723e-09], [0.40550401415772125, 0.577547406911952, 0.016948578930326662]], ""kappaP"": {""10"": 20.136367424168316, ""20"": 13.098212197784676, ""40"": 8.04226049416633, ""80"": 2.102894710335143}, ""kappaS"": {""0.06"": 1.6586636781181068, ""0.12"": 5.165435295473028, ""0.24"": 11.70797426797254}, ""rho"": [0.49999991076930755, 0.37499998231228343, 0.12500010691840904], ""weights"": [0.6, 0.35, 0.05]}"
exchangeable_block_mixture,shuffled,4,1,3304,1495,16,7,True,159,-2302.721706255913,-1318.2956177520343,-0.8818030887973474,2.41525069409915,True,0.0,0.9569660999986808,"{""class_weights"": [[0.7913878548252906, 0.18360734478874974, 0.025004800385959612], [0.04227293959141359, 0.957727058421535, 1.9870512985759723e-09], [0.40550401415772125, 0.577547406911952, 0.016948578930326662]], ""kappaP"": {""10"": 20.136367424168316, ""20"": 13.098212197784676, ""40"": 8.04226049416633, ""80"": 2.102894710335143}, ""kappaS"": {""0.06"": 1.6586636781181068, ""0.12"": 5.165435295473028, ""0.24"": 11.70797426797254}, ""rho"": [0.49999991076930755, 0.37499998231228343, 0.12500010691840904], ""weights"": [0.6, 0.35, 0.05]}"
exchangeable_block_mixture,original,4,2,3734,1065,18,5,True,122,-2822.046354052279,-779.1610352039388,-0.7316066058252947,2.0784171237817954,True,0.0,0.8108150000043679,"{""class_weights"": [[0.7767744305784705, 0.1366404075338833, 0.08658516188764633], [0.0562741627586338, 0.9437258355875741, 1.6537921314938227e-09], [0.512526277196168, 0.4614615451892309, 0.026012177614601183]], ""kappaP"": {""10"": 19.505037346405107, ""20"": 11.731765955466559, ""40"": 9.749676225084707, ""80"": 9.189598325800615}, ""kappaS"": {""0.06"": 1.7757703291093365, ""0.12"": 5.1376913073530766, ""0.24"": 10.75058704672925}, ""rho"": [0.4459279316705428, 0.33333333332736986, 0.22073873500208732], ""weights"": [0.6, 0.35, 0.05]}"
exchangeable_block_mixture,shuffled,4,2,3734,1065,18,5,True,122,-2822.046354052279,-779.1610352039388,-0.7316066058252947,2.0784171237817954,True,0.0,0.8172504999965895,"{""class_weights"": [[0.7767744305784705, 0.1366404075338833, 0.08658516188764633], [0.0562741627586338, 0.9437258355875741, 1.6537921314938227e-09], [0.512526277196168, 0.4614615451892309, 0.026012177614601183]], ""kappaP"": {""10"": 19.505037346405107, ""20"": 11.731765955466559, ""40"": 9.749676225084707, ""80"": 9.189598325800615}, ""kappaS"": {""0.06"": 1.7757703291093365, ""0.12"": 5.1376913073530766, ""0.24"": 10.75058704672925}, ""rho"": [0.4459279316705428, 0.33333333332736986, 0.22073873500208732], ""weights"": [0.6, 0.35, 0.05]}"
exchangeable_block_mixture,original,4,3,3597,1202,17,6,True,100,-2781.0716702525874,-831.5880680941189,-0.6918369950866213,1.99738134488989,True,0.0,0.6395579999953043,"{""class_weights"": [[0.7494857949712724, 0.126690798479628, 0.12382340654909949], [0.06413705174045059, 0.9358629468504828, 1.409066591677699e-09], [0.6646753626333088, 0.31243142833214194, 0.02289320903454893]], ""kappaP"": {""10"": 19.303959327457576, ""20"": 11.746528851190517, ""40"": 3.7280753746052504, ""80"": 10.683884503558986}, ""kappaS"": {""0.06"": 1.9194472381169059, ""0.12"": 5.248601633705991, ""0.24"": 10.978584024400813}, ""rho"": [0.3528412058341659, 0.3529411730103811, 0.29421762115545314], ""weights"": [0.6, 0.35, 0.05]}"
exchangeable_block_mixture,shuffled,4,3,3597,1202,17,6,True,100,-2781.0716702525874,-831.5880680941189,-0.6918369950866213,1.99738134488989,True,0.0,0.6463179999846034,"{""class_weights"": [[0.7494857949712724, 0.126690798479628, 0.12382340654909949], [0.06413705174045059, 0.9358629468504828, 1.409066591677699e-09], [0.6646753626333088, 0.31243142833214194, 0.02289320903454893]], ""kappaP"": {""10"": 19.303959327457576, ""20"": 11.746528851190517, ""40"": 3.7280753746052504, ""80"": 10.683884503558986}, ""kappaS"": {""0.06"": 1.9194472381169059, ""0.12"": 5.248601633705991, ""0.24"": 10.978584024400813}, ""rho"": [0.3528412058341659, 0.3529411730103811, 0.29421762115545314], ""weights"": [0.6, 0.35, 0.05]}"
exchangeable_block_mixture,original,4,4,3762,1037,18,5,True,93,-2883.185971644505,-719.7580524959192,-0.6940771962352161,2.001860896547893,True,0.0,0.624514299997827,"{""class_weights"": [[0.7584271064650304, 0.14135803838225822, 0.10021485515271132], [0.07686107279442228, 0.9231389256511069, 1.5544708408132312e-09], [0.5187380630328329, 0.45363707856231306, 0.027624858404854038]], ""kappaP"": {""10"": 21.15099114439755, ""20"": 11.6567584021701, ""40"": 10.985405409576407, ""80"": 9.052757389619016}, ""kappaS"": {""0.06"": 1.8062288538643658, ""0.12"": 5.2221692788117275, ""0.24"": 11.090019812345703}, ""rho"": [0.4440381530573182, 0.3333333333286926, 0.2226285136139894], ""weights"": [0.6, 0.35, 0.05]}"
exchangeable_block_mixture,shuffled,4,4,3762,1037,18,5,True,93,-2883.185971644505,-719.7580524959192,-0.6940771962352161,2.001860896547893,True,0.0,0.6310511999763548,"{""class_weights"": [[0.7584271064650304, 0.14135803838225822, 0.10021485515271132], [0.07686107279442228, 0.9231389256511069, 1.5544708408132312e-09], [0.5187380630328329, 0.45363707856231306, 0.027624858404854038]], ""kappaP"": {""10"": 21.15099114439755, ""20"": 11.6567584021701, ""40"": 10.985405409576407, ""80"": 9.052757389619016}, ""kappaS"": {""0.06"": 1.8062288538643658, ""0.12"": 5.2221692788117275, ""0.24"": 11.090019812345703}, ""rho"": [0.4440381530573182, 0.3333333333286926, 0.2226285136139894], ""weights"": [0.6, 0.35, 0.05]}"
exchangeable_block_mixture,original,5,1,4062,1727,19,8,True,159,-5257.221473410602,-2088.275084306417,-1.209192289696825,3.350777102049038,True,0.0,1.1535194999887608,"{""class_weights"": [[0.9118004070250458, 0.08819954638774262, 4.6587211513972614e-08], [0.5403217559884623, 0.22963338872723907, 0.23004485528429858], [0.7594123041047485, 8.227119527740696e-09, 0.24058768766813182]], ""kappaP"": {""10"": 100.31272958741243, ""20"": 1e-06, ""40"": 0.8193725232515466, ""80"": 0.4284127310581955}, ""kappaS"": {""0.06"": 1.1443579499055778, ""0.12"": 3.608146851245799, ""0.24"": 9.520596084036328}, ""rho"": [0.6756053085354589, 0.05295660637086785, 0.2714380850936733], ""weights"": [0.6, 0.35, 0.05]}"
exchangeable_block_mixture,shuffled,5,1,4062,1727,19,8,True,159,-5257.221473410602,-2088.275084306417,-1.209192289696825,3.350777102049038,True,0.0,1.1626223000057507,"{""class_weights"": [[0.9118004070250458, 0.08819954638774262, 4.6587211513972614e-08], [0.5403217559884623, 0.22963338872723907, 0.23004485528429858], [0.7594123041047485, 8.227119527740696e-09, 0.24058768766813182]], ""kappaP"": {""10"": 100.31272958741243, ""20"": 1e-06, ""40"": 0.8193725232515466, ""80"": 0.4284127310581955}, ""kappaS"": {""0.06"": 1.1443579499055778, ""0.12"": 3.608146851245799, ""0.24"": 9.520596084036328}, ""rho"": [0.6756053085354589, 0.05295660637086785, 0.2714380850936733], ""weights"": [0.6, 0.35, 0.05]}"
exchangeable_block_mixture,original,5,2,4533,1256,21,6,True,71,-5758.825466646567,-1618.5582515810152,-1.2886610283288338,3.627925612526144,True,0.0,0.5783646999916527,"{""class_weights"": [[0.8884391161922665, 4.915302392976735e-09, 0.11156087889243096], [0.33333335176346446, 0.33333330793199245, 0.333333340304543], [0.7748039815055856, 0.22519601540648596, 3.0879283539537314e-09]], ""kappaP"": {""10"": 52.643130810752155, ""20"": 2.6869997488146584, ""40"": 2.004969392267496, ""80"": 1e-06}, ""kappaS"": {""0.06"": 1.096666503181124, ""0.12"": 3.5553401680358383, ""0.24"": 9.748495794805072}, ""rho"": [0.7662081427575408, 4.761904104306322e-08, 0.23379180962341822], ""weights"": [0.6, 0.35, 0.05]}"
exchangeable_block_mixture,shuffled,5,2,4533,1256,21,6,True,71,-5758.825466646567,-1618.5582515810152,-1.2886610283288338,3.627925612526144,True,0.0,0.5858033999975305,"{""class_weights"": [[0.8884391161922665, 4.915302392976735e-09, 0.11156087889243096], [0.33333335176346446, 0.33333330793199245, 0.333333340304543], [0.7748039815055856, 0.22519601540648596, 3.0879283539537314e-09]], ""kappaP"": {""10"": 52.643130810752155, ""20"": 2.6869997488146584, ""40"": 2.004969392267496, ""80"": 1e-06}, ""kappaS"": {""0.06"": 1.096666503181124, ""0.12"": 3.5553401680358383, ""0.24"": 9.748495794805072}, ""rho"": [0.7662081427575408, 4.761904104306322e-08, 0.23379180962341822], ""weights"": [0.6, 0.35, 0.05]}"
exchangeable_block_mixture,original,5,3,4506,1283,21,6,True,116,-5596.807966600205,-1734.360932875058,-1.351801194758424,3.864379766430216,True,0.0,1.0147717999934684,"{""class_weights"": [[0.9260813795406478, 0.07391860141055331, 1.904879876933771e-08], [0.33333336153958126, 0.33333325276539244, 0.3333333856950262], [0.7109578925502891, 3.453605457712601e-09, 0.2890421039961054]], ""kappaP"": {""10"": 113.84559195061186, ""20"": 2.5240957796891346, ""40"": 0.7285661120586074, ""80"": 0.13490375659828602}, ""kappaS"": {""0.06"": 1.3023211718730634, ""0.12"": 3.8592719966356044, ""0.24"": 9.261040687968539}, ""rho"": [0.712238551218356, 4.7619041516526595e-08, 0.2877614011626025], ""weights"": [0.6, 0.35, 0.05]}"
exchangeable_block_mixture,shuffled,5,3,4506,1283,21,6,True,116,-5596.807966600205,-1734.3609328750583,-1.3518011947584243,3.8643797664302166,True,0.0,1.0229867000016384,"{""class_weights"": [[0.9260813795406478, 0.07391860141055331, 1.904879876933771e-08], [0.33333336153958126, 0.33333325276539244, 0.3333333856950262], [0.7109578925502891, 3.453605457712601e-09, 0.2890421039961054]], ""kappaP"": {""10"": 113.84559195061186, ""20"": 2.5240957796891346, ""40"": 0.7285661120586074, ""80"": 0.13490375659828602}, ""kappaS"": {""0.06"": 1.3023211718730634, ""0.12"": 3.8592719966356044, ""0.24"": 9.261040687968539}, ""rho"": [0.712238551218356, 4.7619041516526595e-08, 0.2877614011626025], ""weights"": [0.6, 0.35, 0.05]}"
exchangeable_block_mixture,original,5,4,4266,1523,20,7,True,169,-5378.572438476962,-1956.5960251648444,-1.284698637665689,3.613578796568343,True,0.0,1.2763736000051722,"{""class_weights"": [[0.9427476221583049, 0.05725232440772115, 5.34339738829584e-08], [0.33333333497468387, 0.33333332565526175, 0.3333333393700543], [0.6846656233947012, 3.3744550929414768e-09, 0.3153343732308436]], ""kappaP"": {""10"": 112.61263861425293, ""20"": 2.6040287557477226, ""40"": 1e-06, ""80"": 0.23793463259275063}, ""kappaS"": {""0.06"": 1.2399865559650238, ""0.12"": 3.6049637773980625, ""0.24"": 9.701645128922829}, ""rho"": [0.7403453229971315, 4.9999992558529305e-08, 0.2596546270028758], ""weights"": [0.6, 0.35, 0.05]}"
exchangeable_block_mixture,shuffled,5,4,4266,1523,20,7,True,169,-5378.572438476962,-1956.5960251648448,-1.2846986376656893,3.613578796568344,True,0.0,1.2841431999986526,"{""class_weights"": [[0.9427476221583049, 0.05725232440772115, 5.34339738829584e-08], [0.33333333497468387, 0.33333332565526175, 0.3333333393700543], [0.6846656233947012, 3.3744550929414768e-09, 0.3153343732308436]], ""kappaP"": {""10"": 112.61263861425293, ""20"": 2.6040287557477226, ""40"": 1e-06, ""80"": 0.23793463259275063}, ""kappaS"": {""0.06"": 1.2399865559650238, ""0.12"": 3.6049637773980625, ""0.24"": 9.701645128922829}, ""rho"": [0.7403453229971315, 4.9999992558529305e-08, 0.2596546270028758], ""weights"": [0.6, 0.35, 0.05]}"
exchangeable_block_mixture,original,6,1,5621,1932,26,9,False,300,-4906.867686728439,-1966.4281516904468,-1.0178199542911217,2.767155657774788,True,0.0,2.986261499987449,"{""class_weights"": [[0.9134672661533881, 0.04379241860603392, 0.04274031524057791], [0.0729953499275056, 0.9270046489975451, 1.074949266218129e-09], [0.5153407130880134, 0.4751087371857593, 0.00955054972622719]], ""kappaP"": {""10"": 11.939984353995209, ""20"": 8.115606269752961, ""40"": 6.035406463315301, ""80"": 1e-06}, ""kappaS"": {""0.06"": 1.2524071269575037, ""0.12"": 3.7818179286570857, ""0.24"": 13.988604210008125}, ""rho"": [0.4606110378281552, 0.3461618768365828, 0.19322708533526187], ""weights"": [0.6, 0.35, 0.05]}"
exchangeable_block_mixture,shuffled,6,1,5621,1932,26,9,False,300,-4906.867686728439,-1966.428151690447,-1.0178199542911217,2.767155657774788,True,0.0,2.9962461999966763,"{""class_weights"": [[0.9134672661533881, 0.04379241860603392, 0.04274031524057791], [0.0729953499275056, 0.9270046489975451, 1.074949266218129e-09], [0.5153407130880134, 0.4751087371857593, 0.00955054972622719]], ""kappaP"": {""10"": 11.939984353995209, ""20"": 8.115606269752961, ""40"": 6.035406463315301, ""80"": 1e-06}, ""kappaS"": {""0.06"": 1.2524071269575037, ""0.12"": 3.7818179286570857, ""0.24"": 13.988604210008125}, ""rho"": [0.4606110378281552, 0.3461618768365828, 0.19322708533526187], ""weights"": [0.6, 0.35, 0.05]}"
exchangeable_block_mixture,original,6,2,5801,1752,27,8,True,206,-5179.167425115563,-1653.8742522645762,-0.9439921531190504,2.5702216828850437,True,0.0,2.1198727999872062,"{""class_weights"": [[0.9595519332996608, 1.1580822384357614e-07, 0.040447950892115336], [0.08497837099009166, 0.9135226084851135, 0.00149902052479482], [0.7285711578575299, 0.2631320234102198, 0.008296818732250313]], ""kappaP"": {""10"": 11.488804099311022, ""20"": 8.318948007576862, ""40"": 5.857968847716326, ""80"": 1e-06}, ""kappaS"": {""0.06"": 1.4116913493486818, ""0.12"": 3.720272027703793, ""0.24"": 15.060752493705625}, ""rho"": [0.3316536102105072, 0.33333333328128545, 0.33501305650820734], ""weights"": [0.6, 0.35, 0.05]}"
exchangeable_block_mixture,shuffled,6,2,5801,1752,27,8,True,206,-5179.167425115563,-1653.8742522645762,-0.9439921531190504,2.5702216828850437,True,0.0,2.13029010000173,"{""class_weights"": [[0.9595519332996608, 1.1580822384357614e-07, 0.040447950892115336], [0.08497837099009166, 0.9135226084851135, 0.00149902052479482], [0.7285711578575299, 0.2631320234102198, 0.008296818732250313]], ""kappaP"": {""10"": 11.488804099311022, ""20"": 8.318948007576862, ""40"": 5.857968847716326, ""80"": 1e-06}, ""kappaS"": {""0.06"": 1.4116913493486818, ""0.12"": 3.720272027703793, ""0.24"": 15.060752493705625}, ""rho"": [0.3316536102105072, 0.33333333328128545, 0.33501305650820734], ""weights"": [0.6, 0.35, 0.05]}"
exchangeable_block_mixture,original,6,3,5621,1932,26,9,True,206,-5249.326404420611,-1588.403979846836,-0.8221552690718613,2.275398652846148,True,0.0,2.1407885999942664,"{""class_weights"": [[0.9574682745237943, 1.0736957227745897e-07, 0.04253161810663336], [0.11895106520086476, 0.8750093071994983, 0.006039627599636972], [0.7384661583644089, 0.258220460198178, 0.003313381437413129]], ""kappaP"": {""10"": 9.962804093675897, ""20"": 8.340935711526816, ""40"": 8.040379586695146, ""80"": 1e-06}, ""kappaS"": {""0.06"": 1.4508541319267898, ""0.12"": 3.74033173218904, ""0.24"": 14.969533042987656}, ""rho"": [0.33779342619820724, 0.30769231050532087, 0.3545142632964719], ""weights"": [0.6, 0.35, 0.05]}"
exchangeable_block_mixture,shuffled,6,3,5621,1932,26,9,True,206,-5249.326404420611,-1588.403979846836,-0.8221552690718613,2.275398652846148,True,0.0,2.1515645000035875,"{""class_weights"": [[0.9574682745237943, 1.0736957227745897e-07, 0.04253161810663336], [0.11895106520086476, 0.8750093071994983, 0.006039627599636972], [0.7384661583644089, 0.258220460198178, 0.003313381437413129]], ""kappaP"": {""10"": 9.962804093675897, ""20"": 8.340935711526816, ""40"": 8.040379586695146, ""80"": 1e-06}, ""kappaS"": {""0.06"": 1.4508541319267898, ""0.12"": 3.74033173218904, ""0.24"": 14.969533042987656}, ""rho"": [0.33779342619820724, 0.30769231050532087, 0.3545142632964719], ""weights"": [0.6, 0.35, 0.05]}"
exchangeable_block_mixture,original,6,4,5616,1937,26,9,False,300,-5162.4679971490605,-1676.4434622328183,-0.8654844926343926,2.3761570377237136,True,0.0,3.1409138000162784,"{""class_weights"": [[0.948894914414755, 8.405841799095076e-09, 0.05110507717940312], [0.08072539698809722, 0.9148605068241844, 0.004414096187718429], [0.7865588711924377, 0.2134400386477143, 1.0901598480619564e-06]], ""kappaP"": {""10"": 10.748793363867282, ""20"": 8.746266356416799, ""40"": 5.94486713055467, ""80"": 1e-06}, ""kappaS"": {""0.06"": 1.296518014095241, ""0.12"": 3.2823315058986196, ""0.24"": 13.845856291146864}, ""rho"": [0.27524426779998606, 0.3461538446745008, 0.3786018875255132], ""weights"": [0.6, 0.35, 0.05]}"
exchangeable_block_mixture,shuffled,6,4,5616,1937,26,9,False,300,-5162.4679971490605,-1676.4434622328183,-0.8654844926343926,2.3761570377237136,True,0.0,3.151364500023192,"{""class_weights"": [[0.948894914414755, 8.405841799095076e-09, 0.05110507717940312], [0.08072539698809722, 0.9148605068241844, 0.004414096187718429], [0.7865588711924377, 0.2134400386477143, 1.0901598480619564e-06]], ""kappaP"": {""10"": 10.748793363867282, ""20"": 8.746266356416799, ""40"": 5.94486713055467, ""80"": 1e-06}, ""kappaS"": {""0.06"": 1.296518014095241, ""0.12"": 3.2823315058986196, ""0.24"": 13.845856291146864}, ""rho"": [0.27524426779998606, 0.3461538446745008, 0.3786018875255132], ""weights"": [0.6, 0.35, 0.05]}"
exchangeable_block_mixture,original,7,1,4078,1719,19,8,True,214,-2779.4278365673795,-886.3863872630791,-0.5156407139401274,1.6747111689160576,True,0.0,1.5802259000192862,"{""class_weights"": [[0.860428427947264, 0.13438983338607705, 0.005181738666658769], [0.20820282514115995, 0.7917971640092515, 1.0849588357471125e-08], [0.3447433830744655, 0.4829840005438519, 0.17227261638168267]], ""kappaP"": {""10"": 48.38173022800939, ""20"": 14.812041410372743, ""40"": 2.6473981385263996, ""80"": 1.3671795363758443}, ""kappaS"": {""0.06"": 2.22320489749298, ""0.12"": 6.986626876097616, ""0.24"": 17.189679031032103}, ""rho"": [0.6315788862583944, 0.3157894759702579, 0.0526316377713475], ""weights"": [0.6, 0.35, 0.05]}"
exchangeable_block_mixture,shuffled,7,1,4078,1719,19,8,True,214,-2779.4278365673795,-886.3863872630791,-0.5156407139401274,1.6747111689160576,True,0.0,1.589223300019512,"{""class_weights"": [[0.860428427947264, 0.13438983338607705, 0.005181738666658769], [0.20820282514115995, 0.7917971640092515, 1.0849588357471125e-08], [0.3447433830744655, 0.4829840005438519, 0.17227261638168267]], ""kappaP"": {""10"": 48.38173022800939, ""20"": 14.812041410372743, ""40"": 2.6473981385263996, ""80"": 1.3671795363758443}, ""kappaS"": {""0.06"": 2.22320489749298, ""0.12"": 6.986626876097616, ""0.24"": 17.189679031032103}, ""rho"": [0.6315788862583944, 0.3157894759702579, 0.0526316377713475], ""weights"": [0.6, 0.35, 0.05]}"
exchangeable_block_mixture,original,7,2,4487,1310,21,6,True,81,-2742.796517508628,-897.77380300452,-0.6853235137439084,1.984413716813844,True,0.0,0.7093634000048041,"{""class_weights"": [[0.872883183000841, 0.0988595906265342, 0.028257226372624556], [0.20261803592792932, 0.7962734757007831, 0.0011084883712874916], [0.43387471949870593, 0.45725291858720435, 0.1088723619140897]], ""kappaP"": {""10"": 41.15846657012261, ""20"": 14.319773430897852, ""40"": 12.269559382842704, ""80"": 1.6813673189689593}, ""kappaS"": {""0.06"": 2.3138008754926873, ""0.12"": 7.39519253350227, ""0.24"": 17.894887954793877}, ""rho"": [0.5236695892464632, 0.3809523507518218, 0.09537806000171492], ""weights"": [0.6, 0.35, 0.05]}"
exchangeable_block_mixture,shuffled,7,2,4487,1310,21,6,True,81,-2742.796517508628,-897.77380300452,-0.6853235137439084,1.984413716813844,True,0.0,0.7170115000044461,"{""class_weights"": [[0.872883183000841, 0.0988595906265342, 0.028257226372624556], [0.20261803592792932, 0.7962734757007831, 0.0011084883712874916], [0.43387471949870593, 0.45725291858720435, 0.1088723619140897]], ""kappaP"": {""10"": 41.15846657012261, ""20"": 14.319773430897852, ""40"": 12.269559382842704, ""80"": 1.6813673189689593}, ""kappaS"": {""0.06"": 2.3138008754926873, ""0.12"": 7.39519253350227, ""0.24"": 17.894887954793877}, ""rho"": [0.5236695892464632, 0.3809523507518218, 0.09537806000171492], ""weights"": [0.6, 0.35, 0.05]}"
exchangeable_block_mixture,original,7,3,4304,1493,20,7,True,60,-2532.597347585764,-1109.1493862382752,-0.7428997898447924,2.102022107670107,True,0.0,0.5062638999952469,"{""class_weights"": [[0.8847125147555883, 0.09475596820731837, 0.020531517037093317], [0.16805110947764676, 0.8297625762638613, 0.0021863142584919227], [0.45502640088142754, 0.4416565218679261, 0.10331707725064644]], ""kappaP"": {""10"": 37.835338460696185, ""20"": 14.980924121599747, ""40"": 17.26164315561474, ""80"": 1.8198244846761045}, ""kappaS"": {""0.06"": 2.1362019651417468, ""0.12"": 7.201230188689764, ""0.24"": 17.988428804306125}, ""rho"": [0.49899157718780507, 0.39999981193951184, 0.10100861087268312], ""weights"": [0.6, 0.35, 0.05]}"
exchangeable_block_mixture,shuffled,7,3,4304,1493,20,7,True,60,-2532.597347585764,-1109.1493862382754,-0.7428997898447927,2.1020221076701078,True,0.0,0.5165168000094127,"{""class_weights"": [[0.8847125147555883, 0.09475596820731837, 0.020531517037093317], [0.16805110947764676, 0.8297625762638613, 0.0021863142584919227], [0.45502640088142754, 0.4416565218679261, 0.10331707725064644]], ""kappaP"": {""10"": 37.835338460696185, ""20"": 14.980924121599747, ""40"": 17.26164315561474, ""80"": 1.8198244846761045}, ""kappaS"": {""0.06"": 2.1362019651417468, ""0.12"": 7.201230188689764, ""0.24"": 17.988428804306125}, ""rho"": [0.49899157718780507, 0.39999981193951184, 0.10100861087268312], ""weights"": [0.6, 0.35, 0.05]}"
exchangeable_block_mixture,original,7,4,4522,1275,21,6,True,95,-2852.687833408482,-826.8666708066423,-0.6485228790640332,1.9127134322692116,True,0.0,0.7825813999806996,"{""class_weights"": [[0.8600606528479601, 0.12896411900089877, 0.010975228151140933], [0.1484717691393363, 0.8496275453202213, 0.0019006855404424163], [0.3333404465262056, 0.33334365739379757, 0.33331589607999673]], ""kappaP"": {""10"": 30.144712632113045, ""20"": 12.933862645010505, ""40"": 10.096686513877833, ""80"": 1.2397979058602366}, ""kappaS"": {""0.06"": 2.260333611221049, ""0.12"": 6.795622778713281, ""0.24"": 17.482064421313}, ""rho"": [0.6190475738301492, 0.3809523785507282, 4.761912253514398e-08], ""weights"": [0.6, 0.35, 0.05]}"
