model_name,data_version,subject_id,fold_id,n_train_trials,n_test_trials,n_train_blocks,n_test_blocks,train_converged,train_iterations,train_final_log_likelihood,test_total_log_likelihood,test_ll_per_trial,test_perplexity,monotonic,maximum_drop,runtime_seconds,parameter_json
subject_iid,original,1,1,6413,2149,30,10,True,52,-2928.9821286335987,-1095.5148715719235,-0.5097789071995922,1.6649230517505058,True,0.0,0.17381350000505336,"{""kappaP"": {""10"": 155.2662778868281, ""20"": 37.00532116607369, ""40"": 19.859243079798357, ""80"": 1.0836527060737675}, ""kappaS"": {""0.06"": 6.245612285636062, ""0.12"": 12.440587440665597, ""0.24"": 30.403243259635577}, ""weights"": [0.7318881391909513, 0.2643462137081579, 0.0037656471008898637]}"
subject_iid,shuffled,1,1,6413,2149,30,10,True,52,-2928.9821286335987,-1095.5148715719235,-0.5097789071995922,1.6649230517505058,True,0.0,0.17759999999543652,"{""kappaP"": {""10"": 155.2662778868281, ""20"": 37.00532116607369, ""40"": 19.859243079798357, ""80"": 1.0836527060737675}, ""kappaS"": {""0.06"": 6.245612285636062, ""0.12"": 12.440587440665597, ""0.24"": 30.403243259635577}, ""weights"": [0.7318881391909513, 0.2643462137081579, 0.0037656471008898637]}"
prior_conditioned_iid,original,1,1,6413,2149,30,10,True,192,-2773.9440868398533,-1096.7652143596933,-0.5103607326010672,1.6658920281337173,True,0.0,1.1085530000273138,"{""condition_weights"": {""10"": [0.2950184041034065, 0.7033762338784165, 0.0016053620181768159], ""20"": [0.6659519960537883, 0.33232907919015076, 0.001718924756060955], ""40"": [0.7971359605908372, 0.1943354537485334, 0.008528585660629355], ""80"": [0.8333568793501059, 0.09784196797530229, 0.06880115267459168]}, ""kappaP"": {""10"": 65.15477076588273, ""20"": 35.00432252626932, ""40"": 31.258291509793263, ""80"": 2.375873215995362}, ""kappaS"": {""0.06"": 4.7222641214880134, ""0.12"": 11.042876711553701, ""0.24"": 28.226844067263784}, ""weights"": [0.6, 0.35, 0.05]}"
prior_conditioned_iid,shuffled,1,1,6413,2149,30,10,True,192,-2773.9440868398533,-1096.7652143596933,-0.5103607326010672,1.6658920281337173,True,0.0,1.1129374000011012,"{""condition_weights"": {""10"": [0.2950184041034065, 0.7033762338784165, 0.0016053620181768159], ""20"": [0.6659519960537883, 0.33232907919015076, 0.001718924756060955], ""40"": [0.7971359605908372, 0.1943354537485334, 0.008528585660629355], ""80"": [0.8333568793501059, 0.09784196797530229, 0.06880115267459168]}, ""kappaP"": {""10"": 65.15477076588273, ""20"": 35.00432252626932, ""40"": 31.258291509793263, ""80"": 2.375873215995362}, ""kappaS"": {""0.06"": 4.7222641214880134, ""0.12"": 11.042876711553701, ""0.24"": 28.226844067263784}, ""weights"": [0.6, 0.35, 0.05]}"
exchangeable_block_mixture,original,1,1,6413,2149,30,10,True,67,-2768.3423291272925,-1069.0468635957604,-0.49746247724325754,1.6445429065453134,True,0.0,0.761111300002085,"{""class_weights"": [[0.8401328515731352, 0.1471488160093039, 0.012718332417560773], [0.31656298671835376, 0.6821863840555267, 0.0012506292261194852], [0.6198042343037213, 0.3801957641660413, 1.5302372948572118e-09]], ""kappaP"": {""10"": 68.37749283303148, ""20"": 32.83095202327471, ""40"": 29.237728436262216, ""80"": 1.0653962386802094}, ""kappaS"": {""0.06"": 4.717883430717287, ""0.12"": 11.046183607493449, ""0.24"": 28.268877859434294}, ""rho"": [0.599711906890948, 0.23289283113201084, 0.16739526197704116], ""weights"": [0.6, 0.35, 0.05]}"
exchangeable_block_mixture,shuffled,1,1,6413,2149,30,10,True,67,-2768.3423291272925,-1069.0468635957604,-0.49746247724325754,1.6445429065453134,True,0.0,0.7722619000123814,"{""class_weights"": [[0.8401328515731352, 0.1471488160093039, 0.012718332417560773], [0.31656298671835376, 0.6821863840555267, 0.0012506292261194852], [0.6198042343037213, 0.3801957641660413, 1.5302372948572118e-09]], ""kappaP"": {""10"": 68.37749283303148, ""20"": 32.83095202327471, ""40"": 29.237728436262216, ""80"": 1.0653962386802094}, ""kappaS"": {""0.06"": 4.717883430717287, ""0.12"": 11.046183607493449, ""0.24"": 28.268877859434294}, ""rho"": [0.599711906890948, 0.23289283113201084, 0.16739526197704116], ""weights"": [0.6, 0.35, 0.05]}"
subject_iid,original,1,2,6413,2149,30,10,True,60,-3106.0124558946072,-919.7111187442613,-0.427971669960103,1.5341426180303528,True,0.0,0.20143180000013672,"{""kappaP"": {""10"": 152.24121417968848, ""20"": 36.550259950671894, ""40"": 17.750641025723656, ""80"": 1.2593113955653317}, ""kappaS"": {""0.06"": 5.900632106592242, ""0.12"": 12.270713756087446, ""0.24"": 30.361900214355373}, ""weights"": [0.7258329889776729, 0.26969634393972386, 0.004470667082602138]}"
subject_iid,shuffled,1,2,6413,2149,30,10,True,60,-3106.0124558946072,-919.7111187442614,-0.427971669960103,1.5341426180303528,True,0.0,0.2048034000035841,"{""kappaP"": {""10"": 152.24121417968848, ""20"": 36.550259950671894, ""40"": 17.750641025723656, ""80"": 1.2593113955653317}, ""kappaS"": {""0.06"": 5.900632106592242, ""0.12"": 12.270713756087446, ""0.24"": 30.361900214355373}, ""weights"": [0.7258329889776729, 0.26969634393972386, 0.004470667082602138]}"
prior_conditioned_iid,original,1,2,6413,2149,30,10,True,142,-2991.7238634124046,-874.3384529649188,-0.40685828430196314,1.5020912206718817,True,0.0,0.8541637000162154,"{""condition_weights"": {""10"": [0.3325414163665996, 0.6639233333510284, 0.0035352502823722052], ""20"": [0.7249491525130631, 0.2733548349724095, 0.0016960125145274905], ""40"": [0.782099478748353, 0.21023630071207686, 0.00766422053957015], ""80"": [0.8011135429427004, 0.11457242760906547, 0.0843140294482342]}, ""kappaP"": {""10"": 58.99439187061281, ""20"": 40.441734009898106, ""40"": 24.51375228427053, ""80"": 4.439657012978814}, ""kappaS"": {""0.06"": 4.725414172840221, ""0.12"": 11.175142382758246, ""0.24"": 28.734417415946606}, ""weights"": [0.6, 0.35, 0.05]}"
prior_conditioned_iid,shuffled,1,2,6413,2149,30,10,True,142,-2991.7238634124046,-874.3384529649189,-0.4068582843019632,1.5020912206718817,True,0.0,0.8591578000050504,"{""condition_weights"": {""10"": [0.3325414163665996, 0.6639233333510284, 0.0035352502823722052], ""20"": [0.7249491525130631, 0.2733548349724095, 0.0016960125145274905], ""40"": [0.782099478748353, 0.21023630071207686, 0.00766422053957015], ""80"": [0.8011135429427004, 0.11457242760906547, 0.0843140294482342]}, ""kappaP"": {""10"": 58.99439187061281, ""20"": 40.441734009898106, ""40"": 24.51375228427053, ""80"": 4.439657012978814}, ""kappaS"": {""0.06"": 4.725414172840221, ""0.12"": 11.175142382758246, ""0.24"": 28.734417415946606}, ""weights"": [0.6, 0.35, 0.05]}"
exchangeable_block_mixture,original,1,2,6413,2149,30,10,True,74,-2968.869454610688,-868.1137934012166,-0.4039617465803707,1.4977466519311058,True,0.0,0.8107912000268698,"{""class_weights"": [[0.8236474657663149, 0.16388110624350694, 0.01247142799017824], [0.28679267975492967, 0.711212409018929, 0.001994911226141342], [0.6663535404820387, 0.3336464581840067, 1.333954654628485e-09]], ""kappaP"": {""10"": 70.47502618419543, ""20"": 42.90802140909136, ""40"": 25.64097641366939, ""80"": 1.2981964957480094}, ""kappaS"": {""0.06"": 4.853369347195871, ""0.12"": 11.271071654949417, ""0.24"": 28.968282256893076}, ""rho"": [0.5841785335687261, 0.1666690404595019, 0.24915242597177203], ""weights"": [0.6, 0.35, 0.05]}"
exchangeable_block_mixture,shuffled,1,2,6413,2149,30,10,True,74,-2968.869454610688,-868.1137934012168,-0.40396174658037076,1.4977466519311058,True,0.0,0.8219652000116184,"{""class_weights"": [[0.8236474657663149, 0.16388110624350694, 0.01247142799017824], [0.28679267975492967, 0.711212409018929, 0.001994911226141342], [0.6663535404820387, 0.3336464581840067, 1.333954654628485e-09]], ""kappaP"": {""10"": 70.47502618419543, ""20"": 42.90802140909136, ""40"": 25.64097641366939, ""80"": 1.2981964957480094}, ""kappaS"": {""0.06"": 4.853369347195871, ""0.12"": 11.271071654949417, ""0.24"": 28.968282256893076}, ""rho"": [0.5841785335687261, 0.1666690404595019, 0.24915242597177203], ""weights"": [0.6, 0.35, 0.05]}"
subject_iid,original,1,3,6418,2144,30,10,True,35,-2945.8500737621107,-1092.0086850257185,-0.509332409060503,1.6641798326414945,True,0.0,0.12625439997646026,"{""kappaP"": {""10"": 124.75517969632324, ""20"": 53.363236904672036, ""40"": 5.235979497901128, ""80"": 1.1912507845455698}, ""kappaS"": {""0.06"": 6.663555020751406, ""0.12"": 13.767021553268995, ""0.24"": 31.226276490893305}, ""weights"": [0.7294881837368465, 0.2678463468262861, 0.00266546943686427]}"
subject_iid,shuffled,1,3,6418,2144,30,10,True,35,-2945.8500737621107,-1092.0086850257185,-0.509332409060503,1.6641798326414945,True,0.0,0.12966519998735748,"{""kappaP"": {""10"": 124.75517969632324, ""20"": 53.363236904672036, ""40"": 5.235979497901128, ""80"": 1.1912507845455698}, ""kappaS"": {""0.06"": 6.663555020751406, ""0.12"": 13.767021553268995, ""0.24"": 31.226276490893305}, ""weights"": [0.7294881837368465, 0.2678463468262861, 0.00266546943686427]}"
prior_conditioned_iid,original,1,3,6418,2144,30,10,True,148,-2833.102699403673,-1044.5863169159427,-0.4872137672182569,1.6277745370242271,True,0.0,0.9042257000110112,"{""condition_weights"": {""10"": [0.33667028809002886, 0.6597816174187717, 0.0035480944911992635], ""20"": [0.6340877657278098, 0.3659122331788401, 1.0933501173683266e-09], ""40"": [0.8690210567613655, 0.12019822726327625, 0.010780715975358134], ""80"": [0.802660931415878, 0.1153200830883183, 0.0820189854958036]}, ""kappaP"": {""10"": 51.075502965828434, ""20"": 44.79209521625004, ""40"": 17.084726981000568, ""80"": 3.6034705487284024}, ""kappaS"": {""0.06"": 5.111638109867789, ""0.12"": 11.92256660543115, ""0.24"": 29.58936919976428}, ""weights"": [0.6, 0.35, 0.05]}"
prior_conditioned_iid,shuffled,1,3,6418,2144,30,10,True,148,-2833.102699403673,-1044.586316915943,-0.48721376721825693,1.6277745370242271,True,0.0,0.9082731000089552,"{""condition_weights"": {""10"": [0.33667028809002886, 0.6597816174187717, 0.0035480944911992635], ""20"": [0.6340877657278098, 0.3659122331788401, 1.0933501173683266e-09], ""40"": [0.8690210567613655, 0.12019822726327625, 0.010780715975358134], ""80"": [0.802660931415878, 0.1153200830883183, 0.0820189854958036]}, ""kappaP"": {""10"": 51.075502965828434, ""20"": 44.79209521625004, ""40"": 17.084726981000568, ""80"": 3.6034705487284024}, ""kappaS"": {""0.06"": 5.111638109867789, ""0.12"": 11.92256660543115, ""0.24"": 29.58936919976428}, ""weights"": [0.6, 0.35, 0.05]}"
exchangeable_block_mixture,original,1,3,6418,2144,30,10,True,109,-2836.3252408914664,-1006.6054874905528,-0.4694988281205937,1.5991925220248153,True,0.0,1.1600856000150088,"{""class_weights"": [[0.8291173482529287, 0.15871775773983807, 0.012164894007233263], [0.3426104509512614, 0.6562081106886327, 0.0011814383601057097], [0.6776562054247326, 0.3223437930992196, 1.476047603740852e-09]], ""kappaP"": {""10"": 68.75669334625717, ""20"": 41.697492883504026, ""40"": 13.361569779346363, ""80"": 1.2567432152735691}, ""kappaS"": {""0.06"": 5.285012189334186, ""0.12"": 12.174799376427405, ""0.24"": 29.613675741408688}, ""rho"": [0.5759870879334239, 0.1996662903356401, 0.22434662173093606], ""weights"": [0.6, 0.35, 0.05]}"
exchangeable_block_mixture,shuffled,1,3,6418,2144,30,10,True,109,-2836.3252408914664,-1006.6054874905527,-0.4694988281205936,1.599192522024815,True,0.0,1.1709614999999758,"{""class_weights"": [[0.8291173482529287, 0.15871775773983807, 0.012164894007233263], [0.3426104509512614, 0.6562081106886327, 0.0011814383601057097], [0.6776562054247326, 0.3223437930992196, 1.476047603740852e-09]], ""kappaP"": {""10"": 68.75669334625717, ""20"": 41.697492883504026, ""40"": 13.361569779346363, ""80"": 1.2567432152735691}, ""kappaS"": {""0.06"": 5.285012189334186, ""0.12"": 12.174799376427405, ""0.24"": 29.613675741408688}, ""rho"": [0.5759870879334239, 0.1996662903356401, 0.22434662173093606], ""weights"": [0.6, 0.35, 0.05]}"
subject_iid,original,1,4,6442,2120,30,10,True,52,-3056.767919406044,-966.9358356867075,-0.45610180928618277,1.577910982579925,True,0.0,0.18966350000118837,"{""kappaP"": {""10"": 125.53203411449807, ""20"": 47.88308081821026, ""40"": 17.56863981185623, ""80"": 1.0679575586739019}, ""kappaS"": {""0.06"": 6.1435986228754995, ""0.12"": 12.458698718901426, ""0.24"": 28.743757757705758}, ""weights"": [0.7403490575951082, 0.25646871917238395, 0.003182223232509697]}"
subject_iid,shuffled,1,4,6442,2120,30,10,True,52,-3056.767919406044,-966.9358356867074,-0.4561018092861827,1.577910982579925,True,0.0,0.1937921000062488,"{""kappaP"": {""10"": 125.53203411449807, ""20"": 47.88308081821026, ""40"": 17.56863981185623, ""80"": 1.0679575586739019}, ""kappaS"": {""0.06"": 6.1435986228754995, ""0.12"": 12.458698718901426, ""0.24"": 28.743757757705758}, ""weights"": [0.7403490575951082, 0.25646871917238395, 0.003182223232509697]}"
prior_conditioned_iid,original,1,4,6442,2120,30,10,False,300,-2938.6419893923503,-929.9928765706975,-0.4386758851748573,1.5506526164289287,True,0.0,1.8478217999800108,"{""condition_weights"": {""10"": [0.2799075537455641, 0.7161302804957167, 0.003962165758719364], ""20"": [0.6848890067477157, 0.3135862611697332, 0.0015247320825511697], ""40"": [0.8207596882565427, 0.17678031154365928, 0.002460000199797906], ""80"": [0.82701090837966, 0.07113553274403242, 0.10185355887630751]}, ""kappaP"": {""10"": 43.633603331966135, ""20"": 44.274091080062654, ""40"": 31.250248816215827, ""80"": 10.722885966864139}, ""kappaS"": {""0.06"": 4.626535005734616, ""0.12"": 10.923452703553352, ""0.24"": 27.04772842693738}, ""weights"": [0.6, 0.35, 0.05]}"
prior_conditioned_iid,shuffled,1,4,6442,2120,30,10,False,300,-2938.6419893923503,-929.9928765706975,-0.4386758851748573,1.5506526164289287,True,0.0,1.8528067999868654,"{""condition_weights"": {""10"": [0.2799075537455641, 0.7161302804957167, 0.003962165758719364], ""20"": [0.6848890067477157, 0.3135862611697332, 0.0015247320825511697], ""40"": [0.8207596882565427, 0.17678031154365928, 0.002460000199797906], ""80"": [0.82701090837966, 0.07113553274403242, 0.10185355887630751]}, ""kappaP"": {""10"": 43.633603331966135, ""20"": 44.274091080062654, ""40"": 31.250248816215827, ""80"": 10.722885966864139}, ""kappaS"": {""0.06"": 4.626535005734616, ""0.12"": 10.923452703553352, ""0.24"": 27.04772842693738}, ""weights"": [0.6, 0.35, 0.05]}"
exchangeable_block_mixture,original,1,4,6442,2120,30,10,True,84,-2908.7962384352513,-929.4849714975194,-0.43843630731015065,1.5502811588844623,True,0.0,0.9615617000090424,"{""class_weights"": [[0.8430113364821351, 0.1493379519950843, 0.007650711522780483], [0.24588821046129622, 0.7512681343130165, 0.002843655225687053], [0.6346452682904655, 0.3653547304686428, 1.2408915698543809e-09]], ""kappaP"": {""10"": 52.21346175973697, ""20"": 51.47585155353022, ""40"": 27.18252758675721, ""80"": 1.0915927515471058}, ""kappaS"": {""0.06"": 4.9108724024167305, ""0.12"": 11.27976541902839, ""0.24"": 27.388803996481197}, ""rho"": [0.5993308576033279, 0.166676038459128, 0.2339931039375441], ""weights"": [0.6, 0.35, 0.05]}"
exchangeable_block_mixture,shuffled,1,4,6442,2120,30,10,True,84,-2908.7962384352513,-929.4849714975194,-0.43843630731015065,1.5502811588844623,True,0.0,0.972624399990309,"{""class_weights"": [[0.8430113364821351, 0.1493379519950843, 0.007650711522780483], [0.24588821046129622, 0.7512681343130165, 0.002843655225687053], [0.6346452682904655, 0.3653547304686428, 1.2408915698543809e-09]], ""kappaP"": {""10"": 52.21346175973697, ""20"": 51.47585155353022, ""40"": 27.18252758675721, ""80"": 1.0915927515471058}, ""kappaS"": {""0.06"": 4.9108724024167305, ""0.12"": 11.27976541902839, ""0.24"": 27.388803996481197}, ""rho"": [0.5993308576033279, 0.166676038459128, 0.2339931039375441], ""weights"": [0.6, 0.35, 0.05]}"
subject_iid,original,2,1,6175,1702,29,8,True,88,-3629.2914015467663,-1022.7274388030787,-0.6008974376046291,1.8237547723036385,True,0.0,0.29968300001928583,"{""kappaP"": {""10"": 74.80974310436734, ""20"": 35.442554193788034, ""40"": 7.749768002817284, ""80"": 1.8232464496857044}, ""kappaS"": {""0.06"": 3.9500529796716872, ""0.12"": 6.891897186723709, ""0.24"": 19.32494880727891}, ""weights"": [0.2831520898015515, 0.7141914418728084, 0.002656468325643436]}"
subject_iid,shuffled,2,1,6175,1702,29,8,True,88,-3629.2914015467663,-1022.7274388030786,-0.600897437604629,1.8237547723036382,True,0.0,0.30355599999893457,"{""kappaP"": {""10"": 74.80974310436734, ""20"": 35.442554193788034, ""40"": 7.749768002817284, ""80"": 1.8232464496857044}, ""kappaS"": {""0.06"": 3.9500529796716872, ""0.12"": 6.891897186723709, ""0.24"": 19.32494880727891}, ""weights"": [0.2831520898015515, 0.7141914418728084, 0.002656468325643436]}"
prior_conditioned_iid,original,2,1,6175,1702,29,8,True,73,-3301.7457832632535,-902.0569786548562,-0.52999822482659,1.6989292927217678,True,0.0,0.40040939999744296,"{""condition_weights"": {""10"": [0.11555446576186847, 0.8844455331277445, 1.1103870732010129e-09], ""20"": [0.2720984819818289, 0.7279015165427003, 1.4754708492628788e-09], ""40"": [0.3741042866619423, 0.5982062712472421, 0.027689442090815745], ""80"": [0.37032272228418545, 0.4037073892893068, 0.22596988842650778]}, ""kappaP"": {""10"": 58.95084048215777, ""20"": 35.9848684027461, ""40"": 16.248169805399332, ""80"": 21.875647496649357}, ""kappaS"": {""0.06"": 2.703489546579057, ""0.12"": 5.270623270054154, ""0.24"": 16.17059718117099}, ""weights"": [0.6, 0.35, 0.05]}"
prior_conditioned_iid,shuffled,2,1,6175,1702,29,8,True,73,-3301.7457832632535,-902.056978654856,-0.5299982248265899,1.6989292927217676,True,0.0,0.40458409997518174,"{""condition_weights"": {""10"": [0.11555446576186847, 0.8844455331277445, 1.1103870732010129e-09], ""20"": [0.2720984819818289, 0.7279015165427003, 1.4754708492628788e-09], ""40"": [0.3741042866619423, 0.5982062712472421, 0.027689442090815745], ""80"": [0.37032272228418545, 0.4037073892893068, 0.22596988842650778]}, ""kappaP"": {""10"": 58.95084048215777, ""20"": 35.9848684027461, ""40"": 16.248169805399332, ""80"": 21.875647496649357}, ""kappaS"": {""0.06"": 2.703489546579057, ""0.12"": 5.270623270054154, ""0.24"": 16.17059718117099}, ""weights"": [0.6, 0.35, 0.05]}"
exchangeable_block_mixture,original,2,1,6175,1702,29,8,True,70,-3521.933742149389,-977.2291151252869,-0.5741651675236703,1.7756475397445493,True,0.0,0.7165188000071794,"{""class_weights"": [[0.410936650573804, 0.38981942037828277, 0.19924392904791316], [0.12365326316448992, 0.8763467359158679, 9.196422503865108e-10], [0.3586941559387851, 0.6234131444674622, 0.01789269959375261]], ""kappaP"": {""10"": 64.41961983793165, ""20"": 32.66938161493836, ""40"": 13.83073376798521, ""80"": 2.9832593532846503}, ""kappaS"": {""0.06"": 2.952164041062466, ""0.12"": 5.701381735296995, ""0.24"": 16.665852963303852}, ""rho"": [0.17270610381643323, 0.30799235510800527, 0.5193015410755615], ""weights"": [0.6, 0.35, 0.05]}"
exchangeable_block_mixture,shuffled,2,1,6175,1702,29,8,True,70,-3521.933742149389,-977.2291151252871,-0.5741651675236704,1.7756475397445495,True,0.0,0.7254481000127271,"{""class_weights"": [[0.410936650573804, 0.38981942037828277, 0.19924392904791316], [0.12365326316448992, 0.8763467359158679, 9.196422503865108e-10], [0.3586941559387851, 0.6234131444674622, 0.01789269959375261]], ""kappaP"": {""10"": 64.41961983793165, ""20"": 32.66938161493836, ""40"": 13.83073376798521, ""80"": 2.9832593532846503}, ""kappaS"": {""0.06"": 2.952164041062466, ""0.12"": 5.701381735296995, ""0.24"": 16.665852963303852}, ""rho"": [0.17270610381643323, 0.30799235510800527, 0.5193015410755615], ""weights"": [0.6, 0.35, 0.05]}"
subject_iid,original,2,2,5747,2130,27,10,True,127,-3220.973725990876,-1430.8297168325723,-0.6717510407664659,1.9576622675874746,True,0.0,0.38530130000435747,"{""kappaP"": {""10"": 76.78680820921488, ""20"": 28.63985963889699, ""40"": 6.766453522121638, ""80"": 1.8864544859210906}, ""kappaS"": {""0.06"": 4.184199769664371, ""0.12"": 8.112485516661257, ""0.24"": 18.94016642773555}, ""weights"": [0.2604803238582952, 0.7395196587386733, 1.7403029576857498e-08]}"
subject_iid,shuffled,2,2,5747,2130,27,10,True,127,-3220.973725990876,-1430.8297168325723,-0.6717510407664659,1.9576622675874746,True,0.0,0.38903059999574907,"{""kappaP"": {""10"": 76.78680820921488, ""20"": 28.63985963889699, ""40"": 6.766453522121638, ""80"": 1.8864544859210906}, ""kappaS"": {""0.06"": 4.184199769664371, ""0.12"": 8.112485516661257, ""0.24"": 18.94016642773555}, ""weights"": [0.2604803238582952, 0.7395196587386733, 1.7403029576857498e-08]}"
prior_conditioned_iid,original,2,2,5747,2130,27,10,True,111,-2860.825098879912,-1362.5954276238785,-0.6397161632036988,1.8959426646341004,True,0.0,0.5723656000045594,"{""condition_weights"": {""10"": [0.038627738419616496, 0.9613722602235344, 1.356849192043554e-09], ""20"": [0.1507517954094843, 0.849248203289291, 1.3012248425802996e-09], ""40"": [0.41662693033637666, 0.5737598880633319, 0.009613181600291428], ""80"": [0.3945133600731139, 0.41419971278891843, 0.19128692713796777]}, ""kappaP"": {""10"": 57.21484608985614, ""20"": 23.8884443799485, ""40"": 16.046216412908887, ""80"": 21.995036373315507}, ""kappaS"": {""0.06"": 2.1481001600799012, ""0.12"": 4.785096942555089, ""0.24"": 14.034787389745338}, ""weights"": [0.6, 0.35, 0.05]}"
prior_conditioned_iid,shuffled,2,2,5747,2130,27,10,True,111,-2860.825098879912,-1362.5954276238785,-0.6397161632036988,1.8959426646341004,True,0.0,0.5769096000003628,"{""condition_weights"": {""10"": [0.038627738419616496, 0.9613722602235344, 1.356849192043554e-09], ""20"": [0.1507517954094843, 0.849248203289291, 1.3012248425802996e-09], ""40"": [0.41662693033637666, 0.5737598880633319, 0.009613181600291428], ""80"": [0.3945133600731139, 0.41419971278891843, 0.19128692713796777]}, ""kappaP"": {""10"": 57.21484608985614, ""20"": 23.8884443799485, ""40"": 16.046216412908887, ""80"": 21.995036373315507}, ""kappaS"": {""0.06"": 2.1481001600799012, ""0.12"": 4.785096942555089, ""0.24"": 14.034787389745338}, ""weights"": [0.6, 0.35, 0.05]}"
exchangeable_block_mixture,original,2,2,5747,2130,27,10,True,85,-2894.681972537973,-1343.7967822033675,-0.6308905080766983,1.8792833513480547,True,0.0,0.8104168999998365,"{""class_weights"": [[0.40234534526823323, 0.403815042002622, 0.19383961272914468], [0.04886717123246336, 0.9511328281337024, 6.338343119791949e-10], [0.42364712015178396, 0.5564153590580228, 0.01993752079019321]], ""kappaP"": {""10"": 58.201097188031675, ""20"": 17.07922111183576, ""40"": 18.135184764625386, ""80"": 21.805668972603268}, ""kappaS"": {""0.06"": 1.9380685076146786, ""0.12"": 4.670842262036649, ""0.24"": 13.022921727687542}, ""rho"": [0.3355018991069771, 0.4073456737751348, 0.25715242711788816], ""weights"": [0.6, 0.35, 0.05]}"
exchangeable_block_mixture,shuffled,2,2,5747,2130,27,10,True,85,-2894.681972537973,-1343.7967822033675,-0.6308905080766983,1.8792833513480547,True,0.0,0.8206239999854006,"{""class_weights"": [[0.40234534526823323, 0.403815042002622, 0.19383961272914468], [0.04886717123246336, 0.9511328281337024, 6.338343119791949e-10], [0.42364712015178396, 0.5564153590580228, 0.01993752079019321]], ""kappaP"": {""10"": 58.201097188031675, ""20"": 17.07922111183576, ""40"": 18.135184764625386, ""80"": 21.805668972603268}, ""kappaS"": {""0.06"": 1.9380685076146786, ""0.12"": 4.670842262036649, ""0.24"": 13.022921727687542}, ""rho"": [0.3355018991069771, 0.4073456737751348, 0.25715242711788816], ""weights"": [0.6, 0.35, 0.05]}"
subject_iid,original,2,3,5747,2130,27,10,True,156,-3398.1595510294983,-1253.3636153392151,-0.5884336222249836,1.8011648999608052,True,0.0,0.4661469999991823,"{""kappaP"": {""10"": 77.70152518564426, ""20"": 35.01653783722438, ""40"": 6.998604083826115, ""80"": 1.944925264887138}, ""kappaS"": {""0.06"": 3.7806674490538024, ""0.12"": 7.0702292157683715, ""0.24"": 15.420054979832233}, ""weights"": [0.2727628228016644, 0.7242779003930762, 0.002959276805258237]}"
subject_iid,shuffled,2,3,5747,2130,27,10,True,156,-3398.1595510294983,-1253.363615339215,-0.5884336222249835,1.801164899960805,True,0.0,0.46973199999774806,"{""kappaP"": {""10"": 77.70152518564426, ""20"": 35.01653783722438, ""40"": 6.998604083826115, ""80"": 1.944925264887138}, ""kappaS"": {""0.06"": 3.7806674490538024, ""0.12"": 7.0702292157683715, ""0.24"": 15.420054979832233}, ""weights"": [0.2727628228016644, 0.7242779003930762, 0.002959276805258237]}"
prior_conditioned_iid,original,2,3,5747,2130,27,10,True,59,-3060.121503715129,-1142.251790156079,-0.5362684460826662,1.7096154224735094,True,0.0,0.3075688000244554,"{""condition_weights"": {""10"": [0.10646036365214825, 0.8935396350041955, 1.3436563329582076e-09], ""20"": [0.24238053461523043, 0.7576194639254017, 1.4593677874280887e-09], ""40"": [0.4136654539415138, 0.5488561807563844, 0.037478365302101815], ""80"": [0.3570866659441575, 0.4367614205379873, 0.20615191351785522]}, ""kappaP"": {""10"": 61.79548227461367, ""20"": 33.20008717072569, ""40"": 22.311810508059214, ""80"": 19.8108723269419}, ""kappaS"": {""0.06"": 2.510508896583236, ""0.12"": 5.221021360228109, ""0.24"": 13.06662831335487}, ""weights"": [0.6, 0.35, 0.05]}"
prior_conditioned_iid,shuffled,2,3,5747,2130,27,10,True,59,-3060.121503715129,-1142.2517901560789,-0.5362684460826661,1.7096154224735092,True,0.0,0.31194110002252273,"{""condition_weights"": {""10"": [0.10646036365214825, 0.8935396350041955, 1.3436563329582076e-09], ""20"": [0.24238053461523043, 0.7576194639254017, 1.4593677874280887e-09], ""40"": [0.4136654539415138, 0.5488561807563844, 0.037478365302101815], ""80"": [0.3570866659441575, 0.4367614205379873, 0.20615191351785522]}, ""kappaP"": {""10"": 61.79548227461367, ""20"": 33.20008717072569, ""40"": 22.311810508059214, ""80"": 19.8108723269419}, ""kappaS"": {""0.06"": 2.510508896583236, ""0.12"": 5.221021360228109, ""0.24"": 13.06662831335487}, ""weights"": [0.6, 0.35, 0.05]}"
exchangeable_block_mixture,original,2,3,5747,2130,27,10,True,93,-3077.5994728767264,-1154.457467150906,-0.54199881086897,1.7194402655711163,True,0.0,0.888365499995416,"{""class_weights"": [[0.36204826879467156, 0.4270401481004775, 0.21091158310485092], [0.08390022557272644, 0.9160997736235515, 8.037220744028592e-10], [0.399590660175965, 0.5758067008247288, 0.02460263899930608]], ""kappaP"": {""10"": 66.56526891966149, ""20"": 21.05074417716778, ""40"": 20.700300274618154, ""80"": 19.669420353574594}, ""kappaS"": {""0.06"": 2.2295200091328584, ""0.12"": 5.076039191203284, ""0.24"": 12.66862105237573}, ""rho"": [0.3343026104464345, 0.333314696350916, 0.3323826932026494], ""weights"": [0.6, 0.35, 0.05]}"
exchangeable_block_mixture,shuffled,2,3,5747,2130,27,10,True,93,-3077.5994728767264,-1154.4574671509063,-0.5419988108689701,1.7194402655711165,True,0.0,0.8986017999995966,"{""class_weights"": [[0.36204826879467156, 0.4270401481004775, 0.21091158310485092], [0.08390022557272644, 0.9160997736235515, 8.037220744028592e-10], [0.399590660175965, 0.5758067008247288, 0.02460263899930608]], ""kappaP"": {""10"": 66.56526891966149, ""20"": 21.05074417716778, ""40"": 20.700300274618154, ""80"": 19.669420353574594}, ""kappaS"": {""0.06"": 2.2295200091328584, ""0.12"": 5.076039191203284, ""0.24"": 12.66862105237573}, ""rho"": [0.3343026104464345, 0.333314696350916, 0.3323826932026494], ""weights"": [0.6, 0.35, 0.05]}"
subject_iid,original,2,4,5962,1915,28,9,True,101,-3683.7658043122583,-968.1324126067306,-0.5055521736849767,1.6579007169120819,True,0.0,0.3141423999913968,"{""kappaP"": {""10"": 73.12567654993312, ""20"": 29.865303165573955, ""40"": 6.818406653361193, ""80"": 1.9768431961627273}, ""kappaS"": {""0.06"": 4.267912954991623, ""0.12"": 7.300841678651929, ""0.24"": 16.26830588873428}, ""weights"": [0.2907073305671695, 0.7076586906808249, 0.0016339787520020818]}"
subject_iid,shuffled,2,4,5962,1915,28,9,True,101,-3683.7658043122583,-968.1324126067306,-0.5055521736849767,1.6579007169120819,True,0.0,0.3172797000152059,"{""kappaP"": {""10"": 73.12567654993312, ""20"": 29.865303165573955, ""40"": 6.818406653361193, ""80"": 1.9768431961627273}, ""kappaS"": {""0.06"": 4.267912954991623, ""0.12"": 7.300841678651929, ""0.24"": 16.26830588873428}, ""weights"": [0.2907073305671695, 0.7076586906808249, 0.0016339787520020818]}"
prior_conditioned_iid,original,2,4,5962,1915,28,9,True,80,-3328.959945245081,-879.1414769664397,-0.45908171120962904,1.5826200152951535,True,0.0,0.4344721999950707,"{""condition_weights"": {""10"": [0.14608454198952903, 0.8539154567069768, 1.3034942673039039e-09], ""20"": [0.21601867356209686, 0.7839813251146254, 1.3232777595892626e-09], ""40"": [0.38605172182533376, 0.5904778650165848, 0.023470413158081436], ""80"": [0.35153989296634525, 0.43941706472491315, 0.2090430423087416]}, ""kappaP"": {""10"": 58.01194144028742, ""20"": 26.894734893731936, ""40"": 12.42928757904688, ""80"": 21.092792032809562}, ""kappaS"": {""0.06"": 3.0380840022707565, ""0.12"": 5.93981883766567, ""0.24"": 13.898140545767566}, ""weights"": [0.6, 0.35, 0.05]}"
prior_conditioned_iid,shuffled,2,4,5962,1915,28,9,True,80,-3328.959945245081,-879.1414769664398,-0.4590817112096291,1.5826200152951535,True,0.0,0.4386285000073258,"{""condition_weights"": {""10"": [0.14608454198952903, 0.8539154567069768, 1.3034942673039039e-09], ""20"": [0.21601867356209686, 0.7839813251146254, 1.3232777595892626e-09], ""40"": [0.38605172182533376, 0.5904778650165848, 0.023470413158081436], ""80"": [0.35153989296634525, 0.43941706472491315, 0.2090430423087416]}, ""kappaP"": {""10"": 58.01194144028742, ""20"": 26.894734893731936, ""40"": 12.42928757904688, ""80"": 21.092792032809562}, ""kappaS"": {""0.06"": 3.0380840022707565, ""0.12"": 5.93981883766567, ""0.24"": 13.898140545767566}, ""weights"": [0.6, 0.35, 0.05]}"
exchangeable_block_mixture,original,2,4,5962,1915,28,9,True,75,-3339.660712965077,-888.4747863228736,-0.4639555019962786,1.5903522013673348,True,0.0,0.7789606000005733,"{""class_weights"": [[0.35310323027289425, 0.43920973163176097, 0.2076870380953447], [0.1199707155290558, 0.8800292835979492, 8.7299498095775e-10], [0.36112561418711203, 0.6307524377650081, 0.00812194804787987]], ""kappaP"": {""10"": 60.756552827714415, ""20"": 26.272293086900042, ""40"": 10.17678281710571, ""80"": 21.11530416347156}, ""kappaS"": {""0.06"": 2.9578988582164327, ""0.12"": 5.94054550263036, ""0.24"": 13.802318585198783}, ""rho"": [0.39285228019641233, 0.28414793621290957, 0.32299978359067794], ""weights"": [0.6, 0.35, 0.05]}"
exchangeable_block_mixture,shuffled,2,4,5962,1915,28,9,True,75,-3339.660712965077,-888.4747863228737,-0.46395550199627866,1.590352201367335,True,0.0,0.7881723000027705,"{""class_weights"": [[0.35310323027289425, 0.43920973163176097, 0.2076870380953447], [0.1199707155290558, 0.8800292835979492, 8.7299498095775e-10], [0.36112561418711203, 0.6307524377650081, 0.00812194804787987]], ""kappaP"": {""10"": 60.756552827714415, ""20"": 26.272293086900042, ""40"": 10.17678281710571, ""80"": 21.11530416347156}, ""kappaS"": {""0.06"": 2.9578988582164327, ""0.12"": 5.94054550263036, ""0.24"": 13.802318585198783}, ""rho"": [0.39285228019641233, 0.28414793621290957, 0.32299978359067794], ""weights"": [0.6, 0.35, 0.05]}"
subject_iid,original,3,1,6842,2570,32,12,True,42,-3279.924366298538,-1176.4890321816988,-0.45777783353373497,1.5805578171070387,True,0.0,0.1491669999959413,"{""kappaP"": {""10"": 82.33846876014283, ""20"": 52.70052127058214, ""40"": 26.86913633346641, ""80"": 1.1527917786959507}, ""kappaS"": {""0.06"": 4.805564101389303, ""0.12"": 12.35159353347514, ""0.24"": 30.978223278702163}, ""weights"": [0.7098264472086865, 0.28879478627690364, 0.001378766514413994]}"
subject_iid,shuffled,3,1,6842,2570,32,12,True,42,-3279.924366298538,-1176.4890321816988,-0.45777783353373497,1.5805578171070387,True,0.0,0.1533841000054963,"{""kappaP"": {""10"": 82.33846876014283, ""20"": 52.70052127058214, ""40"": 26.86913633346641, ""80"": 1.1527917786959507}, ""kappaS"": {""0.06"": 4.805564101389303, ""0.12"": 12.35159353347514, ""0.24"": 30.978223278702163}, ""weights"": [0.7098264472086865, 0.28879478627690364, 0.001378766514413994]}"
prior_conditioned_iid,original,3,1,6842,2570,32,12,True,88,-2874.6631877962272,-1004.2932349521808,-0.39077557780240496,1.478126751733249,True,0.0,0.5464305000205059,"{""condition_weights"": {""10"": [0.08989702700561673, 0.9101029719700189, 1.024364487815944e-09], ""20"": [0.4916286889725027, 0.5072704258650224, 0.0011008851624748019], ""40"": [0.7489684059004702, 0.25103158523551994, 8.864009851539669e-09], ""80"": [0.8328455074101315, 0.10609848271314833, 0.061056009876720045]}, ""kappaP"": {""10"": 31.58910396028207, ""20"": 33.24302942931104, ""40"": 41.400939408571226, ""80"": 51.94405189988378}, ""kappaS"": {""0.06"": 3.1389160994481276, ""0.12"": 10.562263483947152, ""0.24"": 28.911398357673217}, ""weights"": [0.6, 0.35, 0.05]}"
prior_conditioned_iid,shuffled,3,1,6842,2570,32,12,True,88,-2874.6631877962272,-1004.2932349521809,-0.390775577802405,1.478126751733249,True,0.0,0.5510430000140332,"{""condition_weights"": {""10"": [0.08989702700561673, 0.9101029719700189, 1.024364487815944e-09], ""20"": [0.4916286889725027, 0.5072704258650224, 0.0011008851624748019], ""40"": [0.7489684059004702, 0.25103158523551994, 8.864009851539669e-09], ""80"": [0.8328455074101315, 0.10609848271314833, 0.061056009876720045]}, ""kappaP"": {""10"": 31.58910396028207, ""20"": 33.24302942931104, ""40"": 41.400939408571226, ""80"": 51.94405189988378}, ""kappaS"": {""0.06"": 3.1389160994481276, ""0.12"": 10.562263483947152, ""0.24"": 28.911398357673217}, ""weights"": [0.6, 0.35, 0.05]}"
exchangeable_block_mixture,original,3,1,6842,2570,32,12,True,102,-2935.4715714739486,-1019.5502905441788,-0.396712175309019,1.4869278938930033,True,0.0,1.2255620999785606,"{""class_weights"": [[0.8323455979693587, 0.11307287050833643, 0.05458153152230475], [0.09411534865472404, 0.9058846503234596, 1.0218162806280843e-09], [0.6177690773112151, 0.38223081432022643, 1.0836855852561016e-07]], ""kappaP"": {""10"": 31.818537662552878, ""20"": 50.782304252708094, ""40"": 30.72538023112052, ""80"": 50.02027766336533}, ""kappaS"": {""0.06"": 3.257020058404329, ""0.12"": 10.641807536821213, ""0.24"": 28.8553330177123}, ""rho"": [0.4683472215157085, 0.18750001391636428, 0.34415276456792726], ""weights"": [0.6, 0.35, 0.05]}"
exchangeable_block_mixture,shuffled,3,1,6842,2570,32,12,True,102,-2935.4715714739486,-1019.5502905441787,-0.3967121753090189,1.4869278938930033,True,0.0,1.2384398999856785,"{""class_weights"": [[0.8323455979693587, 0.11307287050833643, 0.05458153152230475], [0.09411534865472404, 0.9058846503234596, 1.0218162806280843e-09], [0.6177690773112151, 0.38223081432022643, 1.0836855852561016e-07]], ""kappaP"": {""10"": 31.818537662552878, ""20"": 50.782304252708094, ""40"": 30.72538023112052, ""80"": 50.02027766336533}, ""kappaS"": {""0.06"": 3.257020058404329, ""0.12"": 10.641807536821213, ""0.24"": 28.8553330177123}, ""rho"": [0.4683472215157085, 0.18750001391636428, 0.34415276456792726], ""weights"": [0.6, 0.35, 0.05]}"
subject_iid,original,3,2,7048,2364,33,11,True,111,-3427.4067362948713,-1038.8198971270988,-0.4394331206121399,1.5518272702296165,True,0.0,0.401424700015923,"{""kappaP"": {""10"": 70.11636253987413, ""20"": 49.805919039276844, ""40"": 23.032777463584868, ""80"": 1.1385742884594754}, ""kappaS"": {""0.06"": 4.818386608224848, ""0.12"": 12.557563786917376, ""0.24"": 29.7302301974225}, ""weights"": [0.7045292861715305, 0.29547070023621025, 1.359226127472547e-08]}"
subject_iid,shuffled,3,2,7048,2364,33,11,True,111,-3427.4067362948713,-1038.8198971270986,-0.43943312061213985,1.5518272702296163,True,0.0,0.404918300017016,"{""kappaP"": {""10"": 70.11636253987413, ""20"": 49.805919039276844, ""40"": 23.032777463584868, ""80"": 1.1385742884594754}, ""kappaS"": {""0.06"": 4.818386608224848, ""0.12"": 12.557563786917376, ""0.24"": 29.7302301974225}, ""weights"": [0.7045292861715305, 0.29547070023621025, 1.359226127472547e-08]}"
prior_conditioned_iid,original,3,2,7048,2364,33,11,True,92,-2959.547662149856,-933.8532039816746,-0.39503096615130057,1.4844301572980556,True,0.0,0.5733775999979116,"{""condition_weights"": {""10"": [0.07474254682656783, 0.9252574522452544, 9.281778343191265e-10], ""20"": [0.4301352582116909, 0.5698647406429704, 1.1453385811621641e-09], ""40"": [0.7473773328564699, 0.2526226651917228, 1.9518071189012536e-09], ""80"": [0.8360039526717722, 0.10736897709868176, 0.05662707022954595]}, ""kappaP"": {""10"": 29.548761215655638, ""20"": 28.989279182738485, ""40"": 28.69776142770549, ""80"": 61.554990255213234}, ""kappaS"": {""0.06"": 2.981393625011084, ""0.12"": 10.48133808653139, ""0.24"": 27.36649247987655}, ""weights"": [0.6, 0.35, 0.05]}"
prior_conditioned_iid,shuffled,3,2,7048,2364,33,11,True,92,-2959.547662149856,-933.8532039816746,-0.39503096615130057,1.4844301572980556,True,0.0,0.5778315000061411,"{""condition_weights"": {""10"": [0.07474254682656783, 0.9252574522452544, 9.281778343191265e-10], ""20"": [0.4301352582116909, 0.5698647406429704, 1.1453385811621641e-09], ""40"": [0.7473773328564699, 0.2526226651917228, 1.9518071189012536e-09], ""80"": [0.8360039526717722, 0.10736897709868176, 0.05662707022954595]}, ""kappaP"": {""10"": 29.548761215655638, ""20"": 28.989279182738485, ""40"": 28.69776142770549, ""80"": 61.554990255213234}, ""kappaS"": {""0.06"": 2.981393625011084, ""0.12"": 10.48133808653139, ""0.24"": 27.36649247987655}, ""weights"": [0.6, 0.35, 0.05]}"
exchangeable_block_mixture,original,3,2,7048,2364,33,11,True,90,-3066.060544922243,-965.3573809873336,-0.4083576061706149,1.504345028056888,True,0.0,1.0456858999968972,"{""class_weights"": [[0.8340071597120828, 0.13479924072093302, 0.03119359956698411], [0.21583025013151702, 0.7841697493760016, 4.924813218071245e-10], [0.3333333333333623, 0.3333333333333126, 0.3333333333333251]], ""kappaP"": {""10"": 35.95743032864175, ""20"": 17.47087878042027, ""40"": 46.13558054534465, ""80"": 55.67091890522863}, ""kappaS"": {""0.06"": 2.758549507609564, ""0.12"": 10.541139131389453, ""0.24"": 27.313552239470262}, ""rho"": [0.6061155914959896, 0.39388437820098293, 3.030302754820967e-08], ""weights"": [0.6, 0.35, 0.05]}"
exchangeable_block_mixture,shuffled,3,2,7048,2364,33,11,True,90,-3066.060544922243,-965.3573809873336,-0.4083576061706149,1.504345028056888,True,0.0,1.057018399995286,"{""class_weights"": [[0.8340071597120828, 0.13479924072093302, 0.03119359956698411], [0.21583025013151702, 0.7841697493760016, 4.924813218071245e-10], [0.3333333333333623, 0.3333333333333126, 0.3333333333333251]], ""kappaP"": {""10"": 35.95743032864175, ""20"": 17.47087878042027, ""40"": 46.13558054534465, ""80"": 55.67091890522863}, ""kappaS"": {""0.06"": 2.758549507609564, ""0.12"": 10.541139131389453, ""0.24"": 27.313552239470262}, ""rho"": [0.6061155914959896, 0.39388437820098293, 3.030302754820967e-08], ""weights"": [0.6, 0.35, 0.05]}"
subject_iid,original,3,3,7075,2337,33,11,True,45,-3217.972549238198,-1238.3148643675836,-0.529873711753352,1.6987177669834501,True,0.0,0.16972659999737516,"{""kappaP"": {""10"": 72.41854782519025, ""20"": 49.86006054116881, ""40"": 24.002066264201915, ""80"": 1.1667204431717162}, ""kappaS"": {""0.06"": 5.4341062214702385, ""0.12"": 12.119987395407023, ""0.24"": 31.454997561172192}, ""weights"": [0.7061066061315914, 0.29158255998395466, 0.0023108338844540347]}"
subject_iid,shuffled,3,3,7075,2337,33,11,True,45,-3217.972549238198,-1238.3148643675836,-0.529873711753352,1.6987177669834501,True,0.0,0.17532919999212027,"{""kappaP"": {""10"": 72.41854782519025, ""20"": 49.86006054116881, ""40"": 24.002066264201915, ""80"": 1.1667204431717162}, ""kappaS"": {""0.06"": 5.4341062214702385, ""0.12"": 12.119987395407023, ""0.24"": 31.454997561172192}, ""weights"": [0.7061066061315914, 0.29158255998395466, 0.0023108338844540347]}"
