version,iteration,log_likelihood_before_m_step,log_likelihood_after_transition_update,log_likelihood_after_pi_update,log_likelihood_after_kappa_update,kappa_candidate_log_likelihood,final_iteration_log_likelihood,maximum_change_in_pi,maximum_change_in_transition,maximum_change_in_kappa,pi_step_delta,transition_step_delta,kappa_step_delta,first_decreasing_step,kappa_update_accepted,pi,transition_matrix,sensory_kappas,prior_kappas
fixed_kappa,1,-6404.258574575673,-6235.6103640905285,-6230.413950735506,-6230.413950735506,-6230.413950735506,-6230.413950735506,0.20509976724531986,0.06775046956401654,0.0,5.196413355022742,168.64821048514477,0.0,none,True,"[0.41475553929717685, 0.5550997672453198, 0.030144693457503348]","[[0.8000617831488867, 0.16863959317994784, 0.03129862367116544], [0.11251657075284538, 0.8677504695640166, 0.019732959683138016], [0.4478792911615397, 0.41599742762743125, 0.13612328121102907]]","{""0.06"": 1.5, ""0.12"": 4.5, ""0.24"": 20.0}","{""80"": 0.5, ""40"": 1.0, ""20"": 6.0, ""10"": 30.0}"
fixed_kappa,2,-6230.413950735506,-6170.041974296116,-6168.174348666886,-6168.174348666886,-6168.174348666886,-6168.174348666886,0.1254187857252047,0.07155368810144314,0.0,1.8676256292301332,60.37197643938998,0.0,none,True,"[0.3026806628694443, 0.6805185529705245, 0.01680078416003116]","[[0.811699791240465, 0.16861062312318537, 0.019689585636349552], [0.09492758294503478, 0.8965359532464232, 0.008536463808541938], [0.5194329792629828, 0.3878684252971664, 0.09269859543985069]]","{""0.06"": 1.5, ""0.12"": 4.5, ""0.24"": 20.0}","{""80"": 0.5, ""40"": 1.0, ""20"": 6.0, ""10"": 30.0}"
fixed_kappa,3,-6168.174348666886,-6141.537335594273,-6140.9761571653125,-6140.9761571653125,-6140.9761571653125,-6140.9761571653125,0.0637720251770052,0.0811210009980341,0.0,0.5611784289603747,26.637013072612717,0.0,none,True,"[0.2458417336643275, 0.7442905781475297, 0.009867688188142909]","[[0.8264470306545267, 0.16068814176273216, 0.01286482758274125], [0.08530375618931078, 0.9107180430653381, 0.003978200745351124], [0.6005539802610169, 0.3353116166068444, 0.06413440313213872]]","{""0.06"": 1.5, ""0.12"": 4.5, ""0.24"": 20.0}","{""80"": 0.5, ""40"": 1.0, ""20"": 6.0, ""10"": 30.0}"
fixed_kappa,4,-6140.9761571653125,-6127.254976715586,-6127.095430186199,-6127.095430186199,-6127.095430186199,-6127.095430186199,0.0309395677802502,0.07978948107626727,0.0,0.15954652938671643,13.72118044972649,0.0,none,True,"[0.2185354900222643, 0.77523014592778, 0.0062343640499555614]","[[0.8400535442364574, 0.15111112691534692, 0.008835328848195562], [0.07895346619198317, 0.9190842854042254, 0.0019622484037914584], [0.6803434613372842, 0.2743285465770013, 0.04532799208571445]]","{""0.06"": 1.5, ""0.12"": 4.5, ""0.24"": 20.0}","{""80"": 0.5, ""40"": 1.0, ""20"": 6.0, ""10"": 30.0}"
fixed_kappa,5,-6127.095430186199,-6119.3560386967665,-6119.309618860265,-6119.309618860265,-6119.309618860265,-6119.309618860265,0.014347213248416257,0.07183443304238635,0.0,0.04641983650162729,7.739391489432819,0.0,none,True,"[0.20626459190864954, 0.7895773591761962, 0.004158048915154262]","[[0.851368082911852, 0.14225157908412778, 0.006380338004020301], [0.07416467585985224, 0.9248228394952737, 0.0010124846448741637], [0.7521778943796705, 0.2150660622699853, 0.03275604335034412]]","{""0.06"": 1.5, ""0.12"": 4.5, ""0.24"": 20.0}","{""80"": 0.5, ""40"": 1.0, ""20"": 6.0, ""10"": 30.0}"
fixed_kappa,6,-6119.309618860265,-6114.683154413072,-6114.666522258714,-6114.666522258714,-6114.666522258714,-6114.666522258714,0.005834174051368768,0.06072956423982756,0.0,0.01663215435746679,4.62646444719303,0.0,none,True,"[0.2017244928926457, 0.795411533227565, 0.002863973879789399]","[[0.8604670678468701, 0.13471025499715447, 0.00482267715597545], [0.0703128628732278, 0.9291449070741824, 0.0005422300525897668], [0.8129074586194981, 0.16292187525430105, 0.024170666126200824]]","{""0.06"": 1.5, ""0.12"": 4.5, ""0.24"": 20.0}","{""80"": 0.5, ""40"": 1.0, ""20"": 6.0, ""10"": 30.0}"
fixed_kappa,7,-6114.666522258714,-6111.786852500787,-6111.77765246849,-6111.77765246849,-6111.77765246849,-6111.77765246849,0.0014451198131106846,0.048902016133892445,0.0,0.00920003229748545,2.8796697579273314,0.0,none,True,"[0.2011371667778955, 0.7968566530406757, 0.0020061801814287928]","[[0.867735282507962, 0.12847250575191044, 0.0037922117401277293], [0.06714479622664413, 0.9325556046163045, 0.0002995991570513204], [0.8618094747533905, 0.12002080607839197, 0.01816971916821753]]","{""0.06"": 1.5, ""0.12"": 4.5, ""0.24"": 20.0}","{""80"": 0.5, ""40"": 1.0, ""20"": 6.0, ""10"": 30.0}"
fixed_kappa,8,-6111.77765246849,-6109.933955005807,-6109.926959167467,-6109.926959167467,-6109.926959167467,-6109.926959167467,0.0013333647055902842,0.03787389088909199,0.0,0.006995838339207694,1.8436974626829397,0.0,none,True,"[0.2024705314834858, 0.7961127216067831, 0.0014167469097311266]","[[0.8735543135846384, 0.1233629615947727, 0.0030827248205889135], [0.06452722724327531, 0.9353028551262214, 0.0001699176305033817], [0.8996833656424825, 0.08643878452565165, 0.013877849831865716]]","{""0.06"": 1.5, ""0.12"": 4.5, ""0.24"": 20.0}","{""80"": 0.5, ""40"": 1.0, ""20"": 6.0, ""10"": 30.0}"
fixed_kappa,9,-6109.926959167467,-6108.72350991522,-6108.717798999068,-6108.717798999068,-6108.717798999068,-6108.717798999068,0.002144528662268691,0.02843704480269771,0.0,0.005710916152565915,1.2034492522470828,0.0,none,True,"[0.20461506014575448, 0.7943806993382101, 0.0010042405160355435]","[[0.878232844012819, 0.1191914273191569, 0.002575728668024018], [0.062367305058856265, 0.9375342240951435, 9.847084600025866e-05], [0.9281204104451802, 0.06113765195409733, 0.010741937600722501]]","{""0.06"": 1.5, ""0.12"": 4.5, ""0.24"": 20.0}","{""80"": 0.5, ""40"": 1.0, ""20"": 6.0, ""10"": 30.0}"
fixed_kappa,10,-6108.717798999068,-6107.92182050329,-6107.917282178188,-6107.917282178188,-6107.917282178188,-6107.917282178188,0.002360415049900033,0.02084282374641988,0.0,0.004538325102657836,0.79597849577749,0.0,none,True,"[0.2069754751956545, 0.792311396553709, 0.0007131282506365108]","[[0.8820087604089071, 0.11579039486772573, 0.002200844723367284], [0.060589852282611996, 0.9393520681631279, 5.807955426006754e-05], [0.9489632341916001, 0.0426305211163356, 0.008406244692064316]]","{""0.06"": 1.5, ""0.12"": 4.5, ""0.24"": 20.0}","{""80"": 0.5, ""40"": 1.0, ""20"": 6.0, ""10"": 30.0}"
fixed_kappa,11,-6107.917282178188,-6107.385846867892,-6107.3823836088695,-6107.3823836088695,-6107.3823836088695,-6107.3823836088695,0.002273882887290718,0.015002098812866071,0.0,0.0034632590222827275,0.5314353102958194,0.0,none,True,"[0.20924935808294523, 0.7902436916266414, 0.0005069502904134583]","[[0.8850649319477776, 0.11302016686278685, 0.00191490118943558], [0.05913120921646338, 0.9408340439742962, 3.474680924044856e-05], [0.9639653330044662, 0.02939743139106262, 0.00663723560447127]]","{""0.06"": 1.5, ""0.12"": 4.5, ""0.24"": 20.0}","{""80"": 0.5, ""40"": 1.0, ""20"": 6.0, ""10"": 30.0}"
fixed_kappa,12,-6107.3823836088695,-6107.024951949215,-6107.022395193353,-6107.022395193353,-6107.022395193353,-6107.022395193353,0.0020502860288805214,0.010657863276400725,0.0,0.0025567558623151854,0.35743165965413937,0.0,none,True,"[0.21129964411182575, 0.788339659767586, 0.0003606961205881503]","[[0.8875434556767892, 0.110765942795674, 0.0016906015275369472], [0.057937241886850316, 0.9420417318906666, 2.1026222483078467e-05], [0.9746231962808669, 0.020098601103702533, 0.005278202615430693]]","{""0.06"": 1.5, ""0.12"": 4.5, ""0.24"": 20.0}","{""80"": 0.5, ""40"": 1.0, ""20"": 6.0, ""10"": 30.0}"
fixed_kappa,13,-6107.022395193353,-6106.780376788283,-6106.778533046669,-6106.778533046669,-6106.778533046669,-6106.778533046669,0.0017800193473463122,0.007504833065967165,0.0,0.0018437416147207841,0.24201840506975714,0.0,none,True,"[0.21307966345917206, 0.7866634813518028, 0.00025685518902533174]","[[0.8895561169167064, 0.10893368899731806, 0.0015101940859754556], [0.056962196745025374, 0.9430249631848275, 1.2840070147035666e-05], [0.9821280293468341, 0.013650354040953156, 0.004221616612212841]]","{""0.06"": 1.5, ""0.12"": 4.5, ""0.24"": 20.0}","{""80"": 0.5, ""40"": 1.0, ""20"": 6.0, ""10"": 30.0}"
fixed_kappa,14,-6106.778533046669,-6106.613482666366,-6106.612173700775,-6106.612173700775,-6106.612173700775,-6106.612173700775,0.0015097955602837443,0.005256264958299561,0.0,0.0013089655903968378,0.16505038030300057,0.0,none,True,"[0.2145894590194558, 0.7852274712717162, 0.00018306970882801116]","[[0.8911917651321274, 0.10744640494026901, 0.0013618299276036288], [0.056167677381530015, 0.9438244243153747, 7.898303095257376e-06], [0.9873842943051336, 0.009223652610322115, 0.003392053084544339]]","{""0.06"": 1.5, ""0.12"": 4.5, ""0.24"": 20.0}","{""80"": 0.5, ""40"": 1.0, ""20"": 6.0, ""10"": 30.0}"
fixed_kappa,15,-6106.612173700775,-6106.4986452211315,-6106.497725115045,-6106.497725115045,-6106.497725115045,-6106.497725115045,0.0012615332707519855,0.0036722717731972887,0.0,0.0009201060865962063,0.11352847964371904,0.0,none,True,"[0.2158509922902078, 0.7840184112889771, 0.00013059642081520966]","[[0.8925215662269124, 0.10624102585439316, 0.0012374079186945226], [0.05552165373301316, 0.9444734594806883, 4.886786298568468e-06], [0.9910565660783309, 0.006207950745393752, 0.0027354831762753606]]","{""0.06"": 1.5, ""0.12"": 4.5, ""0.24"": 20.0}","{""80"": 0.5, ""40"": 1.0, ""20"": 6.0, ""10"": 30.0}"
fixed_kappa,16,-6106.497725115045,-6106.4187879759165,-6106.418145110103,-6106.418145110103,-6106.418145110103,-6106.418145110103,0.0010436091613657272,0.002565494051931405,0.0,0.0006428658134609577,0.07893713912835665,0.0,none,True,"[0.21689460145157352, 0.7830121529604674, 9.324558795909984e-05]","[[0.8936028375155317, 0.10526589678882688, 0.0011312656956414071], [0.0549975309720758, 0.9449994314232684, 3.0376046558633222e-06], [0.9936220601302623, 0.004165499093194066, 0.002212440776543459]]","{""0.06"": 1.5, ""0.12"": 4.5, ""0.24"": 20.0}","{""80"": 0.5, ""40"": 1.0, ""20"": 6.0, ""10"": 30.0}"
fixed_kappa,17,-6106.418145110103,-6106.362499799202,-6106.362052188202,-6106.362052188202,-6106.362052188202,-6106.362052188202,0.0008573859908246051,0.0017959390245867457,0.0,0.00044761099979950814,0.05564531090112723,0.0,none,True,"[0.21775198744239813, 0.7821813784905051, 6.66340670968534e-05]","[[0.8944819223583007, 0.104478713206802, 0.001039364434897347], [0.05457330629536842, 0.9454247984852371, 1.8952193946259598e-06], [0.9954179991548491, 0.002788418836873879, 0.001793582008276967]]","{""0.06"": 1.5, ""0.12"": 4.5, ""0.24"": 20.0}","{""80"": 0.5, ""40"": 1.0, ""20"": 6.0, ""10"": 30.0}"
fixed_kappa,18,-6106.362052188202,-6106.322143536663,-6106.321832429937,-6106.321832429937,-6106.321832429937,-6106.321832429937,0.0007008791684387783,0.0012620730236011513,0.0,0.0003111067262580036,0.03990865153900813,0.0,none,True,"[0.2184528666108369, 0.781499476817815, 4.7656571348178234e-05]","[[0.895196393668708, 0.10384483723732531, 0.0009587690939666554], [0.05423082638216556, 0.9457679875855642, 1.1860322702984515e-06], [0.9966800721784502, 0.0018631843175528676, 0.0014567435039969435]]","{""0.06"": 1.5, ""0.12"": 4.5, ""0.24"": 20.0}","{""80"": 0.5, ""40"": 1.0, ""20"": 6.0, ""10"": 30.0}"
fixed_kappa,19,-6106.321832429937,-6106.292602787964,-6106.292386710918,-6106.292386710918,-6106.292386710918,-6106.292386710918,0.0005707403900918617,0.0008917433448293322,0.0,0.00021607704547932371,0.029229641972960962,0.0,none,True,"[0.21902360700092877, 0.7809422815826748, 3.411141639656346e-05]","[[0.8957767725146768, 0.10333591784233508, 0.0008873096429879924], [0.05395514624748609, 0.946044109702933, 7.440495810665422e-07], [0.9975718155232796, 0.0012432296591114687, 0.0011849548176089875]]","{""0.06"": 1.5, ""0.12"": 4.5, ""0.24"": 20.0}","{""80"": 0.5, ""40"": 1.0, ""20"": 6.0, ""10"": 30.0}"
fixed_kappa,20,-6106.292386710918,-6106.2704469814025,-6106.270296915201,-6106.270296915201,-6106.270296915201,-6106.270296915201,0.0004632814786825201,0.0006343923608524982,0.0,0.00015006620196800213,0.021939729515906947,0.0,none,True,"[0.2194868884796113, 0.7804886755374197, 2.443598296896188e-05]","[[0.8962478857838229, 0.10292875855166082, 0.0008233556645163611], [0.05373398326174045, 0.9462655490075218, 4.6773073785949544e-07], [0.9982062078841321, 0.0008287234601695144, 0.0009650686556983308]]","{""0.06"": 1.5, ""0.12"": 4.5, ""0.24"": 20.0}","{""80"": 0.5, ""40"": 1.0, ""20"": 6.0, ""10"": 30.0}"
fixed_kappa,21,-6106.270296915201,-6106.253373570346,-6106.253269314435,-6106.253269314435,-6106.253269314435,-6106.253269314435,0.0003749675318382717,0.00045493243943928174,0.0,0.0001042559115376207,0.016923344854149036,0.0,none,True,"[0.21986185601144956, 0.7801206240609907, 1.7519927559576367e-05]","[[0.8966299486254611, 0.10260438788569146, 0.0007656634888474376], [0.05355725680260614, 0.9464424486507569, 2.945466369533437e-07], [0.9986611403235713, 0.0005520613573115, 0.0007867983191172183]]","{""0.06"": 1.5, ""0.12"": 4.5, ""0.24"": 20.0}","{""80"": 0.5, ""40"": 1.0, ""20"": 6.0, ""10"": 30.0}"
fixed_kappa,22,-6106.253269314435,-6106.239834908946,-6106.23976243924,-6106.23976243924,-6106.23976243924,-6106.23976243924,0.00030262618385351603,0.00032916577112318546,0.0,7.24697065379587e-05,0.01343440548862418,0.0,none,True,"[0.22016448219530307, 0.7798229444792283, 1.2573325468627485e-05]","[[0.896939433113025, 0.10234729620372482, 0.0007132706832502044], [0.05341670290994984, 0.9465831113067339, 1.8578331633012317e-07], [0.9989903060946945, 0.0003676654231664681, 0.0006420284821391217]]","{""0.06"": 1.5, ""0.12"": 4.5, ""0.24"": 20.0}","{""80"": 0.5, ""40"": 1.0, ""20"": 6.0, ""10"": 30.0}"
fixed_kappa,23,-6106.23976243924,-6106.228788570167,-6106.228738162224,-6106.228738162224,-6106.228738162224,-6106.228738162224,0.0002435109952862724,0.0002503354592365836,0.0,5.040794349042699e-05,0.01097386907258624,0.0,none,True,"[0.22040799319058935, 0.7795829732637237, 9.033545686846654e-06]","[[0.8971897685722616, 0.1021448093798621, 0.000665422047876343], [0.05330555345277886, 0.9466943291804032, 1.1736681798241255e-07], [0.9992307744701425, 0.0002449126621640515, 0.0005243128676933526]]","{""0.06"": 1.5, ""0.12"": 4.5, ""0.24"": 20.0}","{""80"": 0.5, ""40"": 1.0, ""20"": 6.0, ""10"": 30.0}"
fixed_kappa,24,-6106.228738162224,-6106.219530279842,-6106.219495192551,-6106.219495192551,-6106.219495192551,-6106.219495192551,0.0001952941253337559,0.00020213947569391877,0.0,3.508729059831239e-05,0.00920788238181558,0.0,none,True,"[0.2206032873159231, 0.7793902132722452, 6.499411831571838e-06]","[[0.8973919080479555, 0.10198657500220687, 0.0006215169498376349], [0.05321827008530549, 0.9467816556406058, 7.427408882465014e-08], [0.9994082150479124, 0.00016328286648923502, 0.0004285020855982572]]","{""0.06"": 1.5, ""0.12"": 4.5, ""0.24"": 20.0}","{""80"": 0.5, ""40"": 1.0, ""20"": 6.0, ""10"": 30.0}"
fixed_kappa,25,-6106.219495192551,-6106.21158216054,-6106.211557719664,-6106.211557719664,-6106.211557719664,-6106.211557719664,0.00015602809413381435,0.0001628795240995462,0.0,2.444087658659555e-05,0.007913032010947063,0.0,none,True,"[0.22075931541005692, 0.7792360000000397, 4.684589903409345e-06]","[[0.8975547875720551, 0.10186414107947175, 0.0005810713484731674], [0.05315032431196682, 0.9468496285845788, 4.710345436780403e-08], [0.9995404817270537, 0.00010905450393306841, 0.00035046376901321874]]","{""0.06"": 1.5, ""0.12"": 4.5, ""0.24"": 20.0}","{""80"": 0.5, ""40"": 1.0, ""20"": 6.0, ""10"": 30.0}"
fixed_kappa,26,-6106.211557719664,-6106.2046179973195,-6106.204600959933,-6106.204600959933,-6106.204600959933,-6106.204600959933,0.0001240970214332615,0.00013091158385569734,0.0,1.703738689684542e-05,0.006939722344213806,0.0,none,True,"[0.22088341243149018, 0.7791132030311126, 3.384537397139744e-06]","[[0.8976856991559108, 0.10177061075467617, 0.0005436900894130358], [0.05309801609701169, 0.9469019539453312, 2.995765724429119e-08], [0.999640063135761, 7.306756171150626e-05, 0.00028686930252740995]]","{""0.06"": 1.5, ""0.12"": 4.5, ""0.24"": 20.0}","{""80"": 0.5, ""40"": 1.0, ""20"": 6.0, ""10"": 30.0}"
fixed_kappa,27,-6106.204600959933,-6106.198413274092,-6106.198401388692,-6106.198401388692,-6106.198401388692,-6106.198401388692,9.816728491163218e-05,0.00010489494258791865,0.0,1.1885399544553366e-05,0.006187685840814083,0.0,none,True,"[0.2209815797164018, 0.7790159672518466, 2.4530317515644726e-06]","[[0.8977905940984987, 0.10170035942581966, 0.0005090464756817323], [0.05305832453411141, 0.9469416563351429, 1.9130745785330226e-08], [0.9997157552301552, 4.9215382218938e-05, 0.0002350293876258685]]","{""0.06"": 1.5, ""0.12"": 4.5, ""0.24"": 20.0}","{""80"": 0.5, ""40"": 1.0, ""20"": 6.0, ""10"": 30.0}"
fixed_kappa,28,-6106.198401388692,-6106.192811775498,-6106.192803477695,-6106.192803477695,-6106.192803477695,-6106.192803477695,7.714205067665958e-05,8.373576922937609e-05,0.0,8.297803105961066e-06,0.005589613194388221,0.0,none,True,"[0.22105872176707847, 0.7789394927559997, 1.7854769217092348e-06]","[[0.8978743298677281, 0.10164880307215894, 0.00047686706011306054], [0.0530287850814499, 0.9469712026282022, 1.2290347853583701e-08], [0.9997738026754384, 3.343135156339011e-05, 0.00019276597299820898]]","{""0.06"": 1.5, ""0.12"": 4.5, ""0.24"": 20.0}","{""80"": 0.5, ""40"": 1.0, ""20"": 6.0, ""10"": 30.0}"
fixed_kappa,29,-6106.192803477695,-6106.187703261973,-6106.187697463965,-6106.187697463965,-6106.187697463965,-6106.187697463965,6.012132039062701e-05,6.654133689076858e-05,0.0,5.798007805424277e-06,0.005100215721540735,0.0,none,True,"[0.2211188430874691, 0.7788798498980273, 1.3070145036010213e-06]","[[0.8979408712046189, 0.10161220856941447, 0.00044692022596663924], [0.05300738874578822, 0.9469926032874109, 7.966800829367414e-09], [0.9998186785050834, 2.300985452775116e-05, 0.0001583116403887132]]","{""0.06"": 1.5, ""0.12"": 4.5, ""0.24"": 20.0}","{""80"": 0.5, ""40"": 1.0, ""20"": 6.0, ""10"": 30.0}"
fixed_kappa,30,-6106.187697463965,-6106.183008543748,-6106.1830044885855,-6106.1830044885855,-6106.1830044885855,-6106.1830044885855,4.636776061869852e-05,5.258283400977337e-05,0.0,4.055162207805552e-06,0.004688920217631676,0.0,none,True,"[0.2211652108480878, 0.7788338251055708, 9.64046341416036e-07]","[[0.8979934540386286, 0.1015875384180191, 0.0004190075433523711], [0.052992499361024695, 0.947007495405821, 5.233154439587051e-09], [0.9998536178502235, 1.6152170875217652e-05, 0.0001302299789012616]]","{""0.06"": 1.5, ""0.12"": 4.5, ""0.24"": 20.0}","{""80"": 0.5, ""40"": 1.0, ""20"": 6.0, ""10"": 30.0}"
fixed_kappa,31,-6106.1830044885855,-6106.178669497242,-6106.178666657846,-6106.178666657846,-6106.178666657846,-6106.178666657846,3.527794903157577e-05,4.126512052604614e-05,0.0,2.8393951652105898e-06,0.004334991343966976,0.0,none,True,"[0.22120048879711937, 0.7787987930195521, 7.181833285491924e-07]","[[0.8980347191591547, 0.10157232366322998, 0.00039295717761539167], [0.05298278575816209, 0.9470172107375303, 3.5043076050518467e-09], [0.9998809845187738, 1.1663299873235015e-05, 0.00010735218135300747]]","{""0.06"": 1.5, ""0.12"": 4.5, ""0.24"": 20.0}","{""80"": 0.5, ""40"": 1.0, ""20"": 6.0, ""10"": 30.0}"
fixed_kappa,32,-6106.178666657846,-6106.174642382183,-6106.174640391333,-6106.174640391333,-6106.174640391333,-6106.174640391333,2.6358423972028255e-05,3.210211161641663e-05,0.0,1.9908502508769743e-06,0.004024275663141452,0.0,none,True,"[0.2212268472210914, 0.7787726108567585, 5.419221502855249e-07]","[[0.8980668212707711, 0.10156455990272358, 0.00036861882650532997], [0.05297716617447046, 0.9470228314148194, 2.410710122711747e-09], [0.9999025238815753, 8.74981900396669e-06, 8.872629942075435e-05]]","{""0.06"": 1.5, ""0.12"": 4.5, ""0.24"": 20.0}","{""80"": 0.5, ""40"": 1.0, ""20"": 6.0, ""10"": 30.0}"
fixed_kappa,33,-6106.174640391333,-6106.170893362992,-6106.170891964699,-6106.170891964699,-6106.170891964699,-6106.170891964699,1.9205865213561824e-05,2.4696728340378726e-05,0.0,1.398292624799069e-06,0.003747028341422265,0.0,none,True,"[0.22124605308630496, 0.7787535313594819, 4.1555421305120364e-07]","[[0.8980915179991115, 0.10156262219656609, 0.0003458598043223359], [0.0529747627118365, 0.9470252355693242, 1.7188392294694454e-09], [0.9999195382884455, 6.885252754301712e-06, 7.35764588002431e-05]]","{""0.06"": 1.5, ""0.12"": 4.5, ""0.24"": 20.0}","{""80"": 0.5, ""40"": 1.0, ""20"": 6.0, ""10"": 30.0}"
fixed_kappa,34,-6106.170891964699,-6106.167395502139,-6106.167394517881,-6106.167394517881,-6106.167394517881,-6106.167394517881,1.3490763535822792e-05,2.1297812316093605e-05,0.0,9.842578947427683e-07,0.0034964625601787702,0.0,none,True,"[0.22125954384984078, 0.778740131195974, 3.249541851468658e-07]","[[0.8981102425577954, 0.10156519545019846, 0.0003245619920062423], [0.05297486403975505, 0.9470251346791729, 1.2810720399020345e-09], [0.9999330095493333, 5.720484530274086e-06, 6.126996613643682e-05]]","{""0.06"": 1.5, ""0.12"": 4.5, ""0.24"": 20.0}","{""80"": 0.5, ""40"": 1.0, ""20"": 6.0, ""10"": 30.0}"
fixed_kappa,35,-6106.167394517881,-6106.164126736742,-6106.164126041981,-6106.164126041981,-6106.164126041981,-6106.164126041981,8.944003231675657e-06,1.9942547261876447e-05,0.0,6.947611836949363e-07,0.0032677811386747635,0.0,none,True,"[0.22126848785307246, 0.7787312521498978, 2.5999702978009624e-07]","[[0.8981241630936426, 0.10157121746161299, 0.00030461944474436585], [0.05297689485849173, 0.9470231041374487, 1.0040593383248864e-09], [0.99994368510824, 5.024185731949487e-06, 5.129070602792028e-05]]","{""0.06"": 1.5, ""0.12"": 4.5, ""0.24"": 20.0}","{""80"": 0.5, ""40"": 1.0, ""20"": 6.0, ""10"": 30.0}"
fixed_kappa,36,-6106.164126041981,-6106.161068512073,-6106.1610680198955,-6106.1610680198955,-6106.1610680198955,-6106.1610680198955,5.3458589034938164e-06,1.8682943250622366e-05,0.0,4.92177605337929e-07,0.003057529907891876,0.0,none,True,"[0.22127383371197595, 0.7787259528635806, 2.1342444323967622e-07]","[[0.8981342311655583, 0.10157983233294794, 0.0002859365014937435], [0.05298039090275487, 0.9470196082684874, 8.287578070634686e-10], [0.9999521391946777, 4.643229035452741e-06, 4.321757628678244e-05]]","{""0.06"": 1.5, ""0.12"": 4.5, ""0.24"": 20.0}","{""80"": 0.5, ""40"": 1.0, ""20"": 6.0, ""10"": 30.0}"
fixed_kappa,37,-6106.1610680198955,-6106.158204854308,-6106.158204504047,-6106.158204504047,-6106.158204504047,-6106.158204504047,2.5169836101179843e-06,1.7510221925950422e-05,0.0,3.5026096156798303e-07,0.00286316558776889,0.0,none,True,"[0.22127635069558607, 0.778723469271572, 1.8003284201030253e-07]","[[0.898141221356441, 0.10159035236399128, 0.00026842627956779306], [0.052984978484787594, 0.9470150207973965, 7.178157810975973e-10], [0.9999588166290337, 4.476395667810229e-06, 3.670697529845765e-05]]","{""0.06"": 1.5, ""0.12"": 4.5, ""0.24"": 20.0}","{""80"": 0.5, ""40"": 1.0, ""20"": 6.0, ""10"": 30.0}"
fixed_kappa,38,-6106.158204504047,-6106.155521737067,-6106.155521486358,-6106.155521486358,-6106.155521486358,-6106.155521486358,3.110341870726785e-07,1.6416813481895073e-05,0.0,2.507085810066201e-07,0.002682766979887674,0.0,none,True,"[0.22127666172977314, 0.7787231821786921, 1.5609153476202824e-07]","[[0.8981457636470143, 0.10160222688689975, 0.000252009466085898], [0.05299035775573605, 0.9470096415966632, 6.476008107832862e-10], [0.9999640645203755, 4.4569202944051526e-06, 3.1478559330234966e-05]]","{""0.06"": 1.5, ""0.12"": 4.5, ""0.24"": 20.0}","{""80"": 0.5, ""40"": 1.0, ""20"": 6.0, ""10"": 30.0}"
fixed_kappa,39,-6106.155521486358,-6106.153006644903,-6106.153006464159,-6106.153006464159,-6106.153006464159,-6106.153006464159,1.408526146495781e-06,1.5396126683184003e-05,0.0,1.8074388208333403e-07,0.0025148414551949827,0.0,none,True,"[0.22127527036941885, 0.7787245907048386, 1.389257425238592e-07]","[[0.8981483698792825, 0.1016150167813149, 0.000236613339402714], [0.05299628901217716, 0.9470037103846638, 6.03159115092461e-10], [0.9999681554463816, 4.5409077401049945e-06, 2.7303645878169977e-05]]","{""0.06"": 1.5, ""0.12"": 4.5, ""0.24"": 20.0}","{""80"": 0.5, ""40"": 1.0, ""20"": 6.0, ""10"": 30.0}"
fixed_kappa,40,-6106.153006464159,-6106.15064826889,-6106.150648137436,-6106.150648137436,-6106.150648137436,-6106.150648137436,2.699838300590507e-06,1.4442369813530881e-05,0.0,1.3145381672075018e-07,0.0023581952691529295,0.0,none,True,"[0.22127258283914644, 0.7787272905431392, 1.2661771425595525e-07]","[[0.8981494553922703, 0.10162837363814055, 0.0002221709695891831], [0.05300258149619879, 0.9469974179287733, 5.750278100182764e-10], [0.9999713045877898, 4.699649231975085e-06, 2.3995762978167977e-05]]","{""0.06"": 1.5, ""0.12"": 4.5, ""0.24"": 20.0}","{""80"": 0.5, ""40"": 1.0, ""20"": 6.0, ""10"": 30.0}"
fixed_kappa,41,-6106.150648137436,-6106.148436291112,-6106.148436194497,-6106.148436194497,-6106.148436194497,-6106.148436194497,3.6656214880137483e-06,1.364908957411648e-05,0.0,9.661562216933817e-08,0.0022118463239166886,0.0,none,True,"[0.2212689260429067, 0.7787309561646272, 1.1779246629720164e-07]","[[0.8981493567132465, 0.10164202272771466, 0.00020862055903876357], [0.053009084237171024, 0.9469909152056105, 5.572184356711529e-10], [0.9999736825305967, 4.914527336562496e-06, 2.1402942066702076e-05]]","{""0.06"": 1.5, ""0.12"": 4.5, ""0.24"": 20.0}","{""80"": 0.5, ""40"": 1.0, ""20"": 6.0, ""10"": 30.0}"
fixed_kappa,42,-6106.148436194497,-6106.146361229223,-6106.146361157336,-6106.146361157336,-6106.146361157336,-6106.146361157336,4.370092528405145e-06,1.372635377240583e-05,0.0,7.188646122813225e-08,0.0020749652740050806,0.0,none,True,"[0.22126456227867158, 0.7787353262571556, 1.1146417293754494e-07]","[[0.8981483460251736, 0.10165574908148707, 0.00019590489333936575], [0.053015678565093795, 0.9469843208889649, 5.459411903722331e-10], [0.9999754249316488, 5.173638848531834e-06, 1.940142950255638e-05]]","{""0.06"": 1.5, ""0.12"": 4.5, ""0.24"": 20.0}","{""80"": 0.5, ""40"": 1.0, ""20"": 6.0, ""10"": 30.0}"
fixed_kappa,43,-6106.146361157336,-6106.144414321727,-6106.144414267485,-6106.144414267485,-6106.144414267485,-6106.144414267485,4.865556706090679e-06,1.3637040304215198e-05,0.0,5.424135451903567e-08,0.0019468356094876071,0.0,none,True,"[0.22125970126010525, 0.7787401918138617, 1.0692603304890125e-07]","[[0.8981466429987806, 0.10166938612179129, 0.000183970879428035], [0.05302227199242717, 0.9469777274687751, 5.387976865042714e-10], [0.9999766398887745, 5.469557476656556e-06, 1.7890553748901977e-05]]","{""0.06"": 1.5, ""0.12"": 4.5, ""0.24"": 20.0}","{""80"": 0.5, ""40"": 1.0, ""20"": 6.0, ""10"": 30.0}"
fixed_kappa,44,-6106.144414267485,-6106.1425874411225,-6106.142587399563,-6106.142587399563,-6106.142587399563,-6106.142587399563,5.194577745060158e-06,1.342025519698864e-05,0.0,4.1559360397513956e-08,0.001826826362957945,0.0,none,True,"[0.2212545099370883, 0.7787453863916067, 1.0367130478830435e-07]","[[0.8981444244697334, 0.10168280637698827, 0.00017276915327826383], [0.05302879321619635, 0.9469712062495335, 5.342701170111148e-10], [0.9999774136125574, 5.797852591079614e-06, 1.678853485152176e-05]]","{""0.06"": 1.5, ""0.12"": 4.5, ""0.24"": 20.0}","{""80"": 0.5, ""40"": 1.0, ""20"": 6.0, ""10"": 30.0}"
fixed_kappa,45,-6106.142587399563,-6106.140873026254,-6106.140872993884,-6106.140872993884,-6106.140872993884,-6106.140872993884,5.391754647865454e-06,1.3107526216263321e-05,0.0,3.236982593080029e-08,0.0017143733093689661,0.0,none,True,"[0.22124912051705894, 0.7787507781462546, 1.0133668654171156e-07]","[[0.8981418323534316, 0.10169591390320454, 0.0001622537433639586], [0.05303518803713439, 0.9469648114314676, 5.313979728348194e-10], [0.999977814827765, 6.15610941995261e-06, 1.6029062814930166e-05]]","{""0.06"": 1.5, ""0.12"": 4.5, ""0.24"": 20.0}","{""80"": 0.5, ""40"": 1.0, ""20"": 6.0, ""10"": 30.0}"
fixed_kappa,46,-6106.140872993884,-6106.13926402807,-6106.139264002433,-6106.139264002433,-6106.139264002433,-6106.139264002433,5.485176402197922e-06,1.272419944393921e-05,0.0,2.56368366535753e-08,0.0016089658138298546,0.0,none,True,"[0.2212436370156233, 0.7787562633226568, 9.966172008730815e-08]","[[0.8981389801181503, 0.10170863810264848, 0.00015238177920123805], [0.05304141602942606, 0.9469585834410006, 5.295734438624616e-10], [0.999977898214431, 6.543281807839181e-06, 1.555850376123928e-05]]","{""0.06"": 1.5, ""0.12"": 4.5, ""0.24"": 20.0}","{""80"": 0.5, ""40"": 1.0, ""20"": 6.0, ""10"": 30.0}"
fixed_kappa,47,-6106.139264002433,-6106.137753864912,-6106.137753844267,-6106.137753844267,-6106.137753844267,-6106.137753844267,5.497612799332252e-06,1.2290582040747067e-05,0.0,2.064552973024547e-08,0.0015101375211088452,0.0,none,True,"[0.22123814060486185, 0.7787617609354561, 9.845968205618605e-08]","[[0.8981359580786956, 0.10172092868468922, 0.00014311323661511102], [0.05304744782477342, 0.9469525516468147, 5.28411929299449e-10], [0.9999777071155572, 6.959265540213789e-06, 1.5333618902532702e-05]]","{""0.06"": 1.5, ""0.12"": 4.5, ""0.24"": 20.0}","{""80"": 0.5, ""40"": 1.0, ""20"": 6.0, ""10"": 30.0}"
fixed_kappa,48,-6106.137753844267,-6106.136336384663,-6106.136336367774,-6106.136336367774,-6106.136336367774,-6106.136336367774,5.447489133003636e-06,1.1822877226230766e-05,0.0,1.6889316611923277e-08,0.0014174596035445575,0.0,none,True,"[0.22123269397869802, 0.7787672084245891, 9.759671291064373e-08]","[[0.8981328377249019, 0.10173275156191545, 0.00013441071318263644], [0.05305326289917916, 0.9469467365731508, 5.276700838620407e-10], [0.9999772756794373, 7.404617984333882e-06, 1.531970257829126e-05]]","{""0.06"": 1.5, ""0.12"": 4.5, ""0.24"": 20.0}","{""80"": 0.5, ""40"": 1.0, ""20"": 6.0, ""10"": 30.0}"
fixed_kappa,49,-6106.136336367774,-6106.135005832032,-6106.135005818011,-6106.135005818011,-6106.135005818011,-6106.135005818011,5.349683919519954e-06,1.133394911448371e-05,0.0,1.4020770322531462e-08,0.001330535741544736,0.0,none,True,"[0.22122734491463883, 0.7787725581085087, 9.697685254378615e-08]","[[0.8981296752602745, 0.10174408551102994, 0.00012623922869554714], [0.05305884777105621, 0.9469411517017499, 5.271939497563762e-10], [0.9999766305623037, 7.880374833688537e-06, 1.5489062862604635e-05]]","{""0.06"": 1.5, ""0.12"": 4.5, ""0.24"": 20.0}","{""80"": 0.5, ""40"": 1.0, ""20"": 6.0, ""10"": 30.0}"
fixed_kappa,50,-6106.135005818011,-6106.1337568196905,-6106.1337568079,-6106.1337568079,-6106.1337568079,-6106.1337568079,5.216181713230128e-06,1.0833948254573844e-05,0.0,1.1790689313784242e-08,0.0012489983209889033,0.0,none,True,"[0.221222129178467, 0.7787777742902219, 9.653131113417424e-08]","[[0.8981265144941548, 0.10175491945928451, 0.00011856604656077066], [0.053064194535817295, 0.9469358049372965, 5.268861304747953e-10], [0.9999757922863607, 8.387931346720609e-06, 1.5819782292771698e-05]]","{""0.06"": 1.5, ""0.12"": 4.5, ""0.24"": 20.0}","{""80"": 0.5, ""40"": 1.0, ""20"": 6.0, ""10"": 30.0}"
fixed_kappa,51,-6106.1337568079,-6106.132584302453,-6106.132584292427,-6106.132584292427,-6106.132584292427,-6106.132584292427,5.056607268794089e-06,1.0330823091111996e-05,0.0,1.0026269592344761e-08,0.001172505446447758,0.0,none,True,"[0.2212170728917326, 0.7787828308974907, 9.621077678687676e-08]","[[0.8981233892047338, 0.10176525028237562, 0.0001113605128905996], [0.05306929967565023, 0.9469306997976649, 5.266850165021502e-10], [0.9999747763258008, 8.92896647934304e-06, 1.6294707719939778e-05]]","{""0.06"": 1.5, ""0.12"": 4.5, ""0.24"": 20.0}","{""80"": 0.5, ""40"": 1.0, ""20"": 6.0, ""10"": 30.0}"
fixed_kappa,52,-6106.132584292427,-6106.131483553925,-6106.131483545316,-6106.131483545316,-6106.131483545316,-6106.131483545316,4.8786625657104565e-06,9.830738021590624e-06,0.0,8.609276846982539e-09,0.0011007385019183857,0.0,none,True,"[0.22121219446004295, 0.7787877095600564, 9.597990058600755e-08]","[[0.8981203250689211, 0.10177508102039722, 0.00010459391068160201], [0.05307416309427784, 0.9469258363791705, 5.265516388056781e-10], [0.9999735939767687, 9.505395609065206e-06, 1.690062762228485e-05]]","{""0.06"": 1.5, ""0.12"": 4.5, ""0.24"": 20.0}","{""80"": 0.5, ""40"": 1.0, ""20"": 6.0, ""10"": 30.0}"
fixed_kappa,53,-6106.131483545316,-6106.130450145144,-6106.130450137696,-6106.130450137696,-6106.130450137696,-6106.130450137696,4.688484295578554e-06,9.33841495130705e-06,0.0,7.447852112818509e-09,0.0010334001717637875,0.0,none,True,"[0.2212075061423051, 0.778792398044352, 9.581334283934821e-08]","[[0.8981173412376657, 0.10178441943534852, 9.823932698576792e-05], [0.05307878733559561, 0.9469212121379431, 5.264613499193601e-10], [0.9999722530547679, 1.0119342386454184e-05, 1.7627602845723383e-05]]","{""0.06"": 1.5, ""0.12"": 4.5, ""0.24"": 20.0}","{""80"": 0.5, ""40"": 1.0, ""20"": 6.0, ""10"": 30.0}"
fixed_kappa,54,-6106.130450137696,-6106.129479924991,-6106.12947991851,-6106.12947991851,-6106.12947991851,-6106.12947991851,4.490936234669007e-06,8.857412236246143e-06,0.0,6.481059244833887e-09,0.0009702127053969889,0.0,none,True,"[0.22120301532647488, 0.7787968889805866, 9.569293865832757e-08]","[[0.8981144516210436, 0.10179327684758477, 9.227153137155163e-05], [0.05308317695251199, 0.9469168225210896, 5.263985602881523e-10], [0.999970758453579, 1.077312345645321e-05, 1.8468422964681525e-05]]","{""0.06"": 1.5, ""0.12"": 4.5, ""0.24"": 20.0}","{""80"": 0.5, ""40"": 1.0, ""20"": 6.0, ""10"": 30.0}"
fixed_kappa,55,-6106.12947991851,-6106.12856900206,-6106.1285689963925,-6106.1285689963925,-6106.1285689963925,-6106.1285689963925,4.289848294702914e-06,8.390352313730753e-06,0.0,5.667970981448889e-09,0.0009109164493565913,0.0,none,True,"[0.2211987255654525, 0.7788011788288813, 9.560566604908015e-08]","[[0.8981116659358199, 0.1018016671998985, 8.666686428163495e-05], [0.053087337998428956, 0.9469126614752177, 5.263534081174529e-10], [0.9999691125925381, 1.1469241917732452e-05, 1.941816554416017e-05]]","{""0.06"": 1.5, ""0.12"": 4.5, ""0.24"": 20.0}","{""80"": 0.5, ""40"": 1.0, ""20"": 6.0, ""10"": 30.0}"
fixed_kappa,56,-6106.1285689963925,-6106.127713727883,-6106.127713722908,-6106.127713722908,-6106.127713722908,-6106.127713722908,4.088211931208008e-06,7.939107358898023e-06,0.0,4.9749360186979175e-09,0.0008552685094400658,0.0,none,True,"[0.22119463741699807, 0.7788052670408125, 9.554218934800352e-08]","[[0.8981089905586048, 0.1018096063072574, 8.140313413762446e-05], [0.05309127761878288, 0.9469087218548974, 5.263196527582116e-10], [0.9999673157734587, 1.2210386797409115e-05, 2.0473839743855803e-05]]","{""0.06"": 1.5, ""0.12"": 4.5, ""0.24"": 20.0}","{""80"": 0.5, ""40"": 1.0, ""20"": 6.0, ""10"": 30.0}"
fixed_kappa,57,-6106.127713722908,-6106.126910681318,-6106.126910676936,-6106.126910676936,-6106.126910676936,-6106.126910676936,3.888339804247742e-06,7.50495056831002e-06,0.0,4.381945473141968e-09,0.0008030415901885135,0.0,none,True,"[0.221190749123568, 0.7788091553806168, 9.549581512548423e-08]","[[0.8981064292199399, 0.10181711125782571, 7.645952223439307e-05], [0.053095003724162565, 0.9469049957495441, 5.262933422959142e-10], [0.999965366464141, 1.2999436752892712e-05, 2.163409910602316e-05]]","{""0.06"": 1.5, ""0.12"": 4.5, ""0.24"": 20.0}","{""80"": 0.5, ""40"": 1.0, ""20"": 6.0, ""10"": 30.0}"
fixed_kappa,58,-6106.126910676936,-6106.126156654034,-6106.12615665017,-6106.12615665017,-6106.12615665017,-6106.12615665017,3.69199618566185e-06,7.0886793034352635e-06,0.0,3.864442987833172e-09,0.0007540229016740341,0.0,none,True,"[0.22118705716145382, 0.7788128473768025, 9.546174378059264e-08]","[[0.8981039835682512, 0.10182419993712914, 7.181649461970991e-05], [0.05309852472987671, 0.9469014747438513, 5.26271970978954e-10], [0.9999632615220174, 1.3839466832530405e-05, 2.2899011150053512e-05]]","{""0.06"": 1.5, ""0.12"": 4.5, ""0.24"": 20.0}","{""80"": 0.5, ""40"": 1.0, ""20"": 6.0, ""10"": 30.0}"
fixed_kappa,59,-6106.12615665017,-6106.125448636976,-6106.125448633559,-6106.125448633559,-6106.125448633559,-6106.125448633559,3.5005034092483456e-06,6.690715213017451e-06,0.0,3.4169715945608914e-09,0.0007080131936163525,0.0,none,True,"[0.2211835566832551, 0.7788163478802117, 9.543653310390255e-08]","[[0.8981016536273808, 0.10183089065234216, 6.745572027701897e-05], [0.053101849349579976, 0.9468981501241662, 5.262539465326339e-10], [0.99996099636879, 1.4733757538341234e-05, 2.4269873671732e-05]]","{""0.06"": 1.5, ""0.12"": 4.5, ""0.24"": 20.0}","{""80"": 0.5, ""40"": 1.0, ""20"": 6.0, ""10"": 30.0}"
fixed_kappa,60,-6106.125448633559,-6106.12478380772,-6106.124783804698,-6106.124783804698,-6106.124783804698,-6106.124783804698,3.314828712408513e-06,6.311185528171115e-06,0.0,3.0213413992896676e-09,0.0006648258395216544,0.0,none,True,"[0.2211802418733623, 0.7788196627089241, 9.541771378578789e-08]","[[0.898099438167102, 0.10183720183787033, 6.335999502748634e-05], [0.05310498643283765, 0.9468950130409239, 5.262382534871773e-10], [0.9999585651247859, 1.5685805707820655e-05, 2.5749069506336864e-05]]","{""0.06"": 1.5, ""0.12"": 4.5, ""0.24"": 20.0}","{""80"": 0.5, ""40"": 1.0, ""20"": 6.0, ""10"": 30.0}"
fixed_kappa,61,-6106.124783804698,-6106.1241595186775,-6106.124159516003,-6106.124159516003,-6106.124159516003,-6106.124159516003,3.1356550276306905e-06,5.9499889439457165e-06,0.0,2.674823917914182e-09,0.0006242860208658385,0.0,none,True,"[0.22117710623253437, 0.7788227983639517, 9.540351384019229e-08]","[[0.8980973350025387, 0.10184315182681428, 5.9513170646915365e-05], [0.05310794483832822, 0.9468920546354475, 5.262242404692009e-10], [0.999955960710048, 1.6699336914198245e-05, 2.7339953037704012e-05]]","{""0.06"": 1.5, ""0.12"": 4.5, ""0.24"": 20.0}","{""80"": 0.5, ""40"": 1.0, ""20"": 6.0, ""10"": 30.0}"
fixed_kappa,62,-6106.124159516003,-6106.123573286078,-6106.123573283709,-6106.123573283709,-6106.123573283709,-6106.123573283709,2.9634386423671444e-06,5.606848926767438e-06,0.0,2.368324203416705e-09,0.0005862299249201897,0.0,none,True,"[0.22117414280474476, 0.7788257618025941, 9.539266109691764e-08]","[[0.8980953412355009, 0.10184875867574104, 5.5900088757976714e-05], [0.0531107333359124, 0.9468892661378763, 5.262114858727659e-10], [0.9999531749178117, 1.7778319206543354e-05, 2.9046762981843937e-05]]","{""0.06"": 1.5, ""0.12"": 4.5, ""0.24"": 20.0}","{""80"": 0.5, ""40"": 1.0, ""20"": 6.0, ""10"": 30.0}"
fixed_kappa,63,-6106.123573283709,-6106.123022779667,-6106.123022777568,-6106.123022777568,-6106.123022777568,-6106.123022777568,2.7984561028482347e-06,5.2813567191639654e-06,0.0,2.0991137716919184e-09,0.0005505040426214691,0.0,none,True,"[0.2211713443570615, 0.778828560258697, 9.538424164992813e-08]","[[0.8980934534484285, 0.10185404003246021, 5.250651911142542e-05], [0.053113360532034325, 0.946886638941766, 5.261997130741122e-10], [0.9999501984649126, 1.892697809321332e-05, 3.087455699414187e-05]]","{""0.06"": 1.5, ""0.12"": 4.5, ""0.24"": 20.0}","{""80"": 0.5, ""40"": 1.0, ""20"": 6.0, ""10"": 30.0}"
fixed_kappa,64,-6106.123022777568,-6106.122505813046,-6106.122505811185,-6106.122505811185,-6106.122505811185,-6106.122505811185,2.6408423342560994e-06,4.973005962041754e-06,0.0,1.8608261598274112e-09,0.0005169645219211816,0.0,none,True,"[0.22116870352137044, 0.7788312011010312, 9.537759841098201e-08]","[[0.8980916678596637, 0.10185901303842225, 4.931910191411624e-05], [0.053115834813920196, 0.946884164659891, 5.261887369516155e-10], [0.9999470210227874, 2.0149812727890273e-05, 3.2829164484839364e-05]]","{""0.06"": 1.5, ""0.12"": 4.5, ""0.24"": 20.0}","{""80"": 0.5, ""40"": 1.0, ""20"": 6.0, ""10"": 30.0}"
fixed_kappa,65,-6106.122505811185,-6106.122020334674,-6106.122020333026,-6106.122020333026,-6106.122020333026,-6106.122020333026,2.4906215656539388e-06,4.681220450594714e-06,0.0,1.648004399612546e-09,0.00048547651113040047,0.0,none,True,"[0.22116621290514488, 0.7788336917225969, 9.537225840690807e-08]","[[0.8980899804472288, 0.10186369425887284, 4.632529389849597e-05], [0.053118164308895204, 0.9468818351649263, 5.261784301777164e-10], [0.9999436312319919, 2.145161329584602e-05, 3.491715471217905e-05]]","{""0.06"": 1.5, ""0.12"": 4.5, ""0.24"": 20.0}","{""80"": 0.5, ""40"": 1.0, ""20"": 6.0, ""10"": 30.0}"
